,datetime,open,high,low,close,volume
0,2023-04-19,3.23000,3.33500,3.22000,3.32000,372000
1,2023-04-18,3.37000,3.37000,3.20000,3.25000,509700
2,2023-04-17,3.31000,3.45500,3.23000,3.37000,416200
3,2023-04-14,3.38000,3.38000,3.25000,3.28000,471400
4,2023-04-13,3.29000,3.40000,3.29000,3.37000,271700
5,2023-04-12,3.36000,3.44000,3.27000,3.28000,253100
6,2023-04-11,3.51000,3.56000,3.42500,3.45000,352000
7,2023-04-10,3.38000,3.53800,3.27500,3.49000,468100
8,2023-04-06,3.34000,3.43000,3.30000,3.41000,332400
9,2023-04-05,3.35000,3.39000,3.29500,3.31000,387500
10,2023-04-04,3.43000,3.43000,3.27500,3.36000,433900
11,2023-04-03,3.32000,3.43500,3.31000,3.43000,327800
12,2023-03-31,3.28000,3.38000,3.27000,3.35000,795000
13,2023-03-30,3.27000,3.30500,3.20000,3.27000,470500
14,2023-03-29,3.14000,3.28000,3.12800,3.25000,593000
15,2023-03-28,3.14000,3.18000,3.06000,3.12000,574200
16,2023-03-27,2.98000,3.18000,2.98000,3.16000,785000
17,2023-03-24,2.99000,3.07500,2.94000,3.00000,857700
18,2023-03-23,3.31000,3.38000,3.02000,3.05000,769900
19,2023-03-22,3.44000,3.49000,3.29000,3.30000,756300
20,2023-03-21,3.52000,3.54000,3.36500,3.42000,1539900
21,2023-03-20,3.77000,3.77000,3.36000,3.50000,892700
22,2023-03-17,3.68000,3.84500,3.65000,3.77000,1368400
23,2023-03-16,3.65000,3.73000,3.36700,3.68000,1021800
24,2023-03-15,3.49000,3.75500,3.47000,3.65000,1414200
25,2023-03-14,3.46000,3.76000,3.35000,3.63000,1045000
26,2023-03-13,3.24000,3.39500,3.15000,3.37000,955000
27,2023-03-10,3.41000,3.46500,3.29500,3.34000,503600
28,2023-03-09,3.43000,3.48500,3.39000,3.41000,413200
29,2023-03-08,3.36000,3.46000,3.30000,3.42000,355900
30,2023-03-07,3.31000,3.36500,3.21000,3.35000,510300
31,2023-03-06,3.53000,3.53000,3.27000,3.34000,602800
32,2023-03-03,3.44000,3.59500,3.42000,3.53000,447700
33,2023-03-02,3.28000,3.44000,3.24000,3.43000,505000
34,2023-03-01,3.35000,3.50000,3.22000,3.25000,591300
35,2023-02-28,3.56000,3.60500,3.46500,3.54000,591900
36,2023-02-27,3.69000,3.69000,3.54000,3.56000,385300
37,2023-02-24,3.83000,3.87000,3.65000,3.67000,425300
38,2023-02-23,3.98000,4.02000,3.84500,3.87000,413500
39,2023-02-22,4.02000,4.07000,3.96000,3.99000,335200
40,2023-02-21,4.19200,4.24000,4.02000,4.02000,382800
41,2023-02-17,4.11000,4.26000,4.04000,4.25000,367700
42,2023-02-16,4.09000,4.19000,4.05000,4.11000,325300
43,2023-02-15,4.09000,4.11000,4.02000,4.09000,240200
44,2023-02-14,4.21000,4.22000,4.05000,4.07000,338800
45,2023-02-13,4.19000,4.22000,4.12000,4.21000,350000
46,2023-02-10,4.19000,4.24500,4.11000,4.21000,370800
47,2023-02-09,4.40000,4.41700,4.18000,4.18000,430000
48,2023-02-08,4.53000,4.54500,4.38000,4.38000,328000
49,2023-02-07,4.57000,4.57000,4.36000,4.53000,375400
50,2023-02-06,4.49000,4.64500,4.49000,4.55000,419300
51,2023-02-03,4.68000,4.79000,4.49500,4.51000,884000
52,2023-02-02,4.64000,4.77000,4.62000,4.74000,338200
53,2023-02-01,4.60000,4.71000,4.49000,4.62000,640000
54,2023-01-31,4.65000,4.71000,4.56500,4.63000,455900
55,2023-01-30,4.55000,4.65000,4.52500,4.61000,268400
56,2023-01-27,4.55000,4.64000,4.53000,4.60000,292600
57,2023-01-26,4.53000,4.68500,4.45500,4.57000,280500
58,2023-01-25,4.55000,4.60000,4.43000,4.50000,329300
59,2023-01-24,4.64000,4.66000,4.54500,4.55000,621800
60,2023-01-23,4.91000,4.91000,4.68000,4.75000,468000
61,2023-01-20,4.89000,4.90000,4.79000,4.90000,321200
62,2023-01-19,4.76000,4.85000,4.66000,4.83000,284400
63,2023-01-18,4.96000,5.03000,4.70000,4.71000,253900
64,2023-01-17,4.94000,4.99500,4.79500,4.92000,307600
65,2023-01-13,4.90000,5.06000,4.87500,4.93000,349100
66,2023-01-12,4.84000,4.91500,4.74000,4.90000,278000
67,2023-01-11,4.95000,4.96000,4.75000,4.80000,363700
68,2023-01-10,4.70000,4.98000,4.70000,4.97000,321100
69,2023-01-09,4.72000,4.86000,4.61000,4.68000,463400
70,2023-01-06,4.75000,4.79000,4.63000,4.70000,453900
71,2023-01-05,4.71000,4.74000,4.62000,4.69000,351500
72,2023-01-04,4.85000,4.91000,4.70500,4.78000,196600
73,2023-01-03,4.95000,4.98000,4.75000,4.81000,357200
74,2022-12-30,4.59000,4.84000,4.58000,4.81000,423700
75,2022-12-29,4.37000,4.71000,4.33000,4.67000,596300
76,2022-12-28,4.35000,4.40000,4.17500,4.35000,444600
77,2022-12-27,4.61000,4.64000,4.36500,4.37000,463300
78,2022-12-23,4.61000,4.70000,4.55000,4.59000,280500
79,2022-12-22,4.58000,4.69000,4.51000,4.61000,716500
80,2022-12-21,4.58000,4.67000,4.54000,4.58000,342300
81,2022-12-20,4.38000,4.58000,4.32900,4.53000,687000
82,2022-12-19,4.55000,4.55000,4.30000,4.38000,775000
83,2022-12-16,4.35000,4.75000,4.33000,4.61000,1341800
84,2022-12-15,4.40000,4.43000,4.36000,4.39000,652800
85,2022-12-14,4.49000,4.56000,4.39500,4.41000,636700
86,2022-12-13,4.50000,4.56000,4.30000,4.49000,541700
87,2022-12-12,4.41000,4.48000,4.30500,4.39500,277800
88,2022-12-09,4.52000,4.58500,4.38000,4.39000,325000
89,2022-12-08,4.60000,4.62000,4.51000,4.61000,238300
90,2022-12-07,4.67000,4.67000,4.56000,4.59000,219100
91,2022-12-06,4.66000,4.74000,4.58000,4.66000,366200
92,2022-12-05,4.81000,4.95000,4.61000,4.67000,270400
93,2022-12-02,4.73000,4.83000,4.56500,4.80000,452800
94,2022-12-01,4.69000,4.93000,4.69000,4.78000,475600
95,2022-11-30,4.57000,4.69000,4.48000,4.69000,565200
96,2022-11-29,4.50000,4.68000,4.50000,4.58000,380500
97,2022-11-28,4.67000,4.75000,4.54000,4.57000,333600
98,2022-11-25,4.70000,4.77000,4.67000,4.69000,120700
99,2022-11-23,4.68000,4.85000,4.67000,4.69000,300000
100,2022-11-22,4.53000,4.76000,4.45000,4.71000,468200
101,2022-11-21,4.64000,4.70500,4.45000,4.52000,386700
102,2022-11-18,4.80000,4.88300,4.62000,4.67000,394800
103,2022-11-17,4.77000,4.84000,4.61000,4.66000,419700
104,2022-11-16,5.10000,5.22000,4.76000,4.83000,496600
105,2022-11-15,5.23000,5.32000,5.13000,5.18000,499900
106,2022-11-14,5.13000,5.22500,5.05000,5.10000,413100
107,2022-11-11,5.07000,5.25000,5.00000,5.17000,613600
108,2022-11-10,4.98000,5.19500,4.92000,5.10000,764200
109,2022-11-09,5.23000,5.23400,4.73000,4.74000,898300
110,2022-11-08,6.12000,6.14000,5.21000,5.29000,1113700
111,2022-11-07,6.09000,6.21000,5.75000,5.87000,512300
112,2022-11-04,6.05000,6.21000,5.81000,6.04000,1207900
113,2022-11-03,5.95000,6.14000,5.81000,6.05000,361300
114,2022-11-02,6.04000,6.10000,5.84500,5.90000,581200
115,2022-11-01,6.15000,6.32000,5.98500,6.06000,440900
116,2022-10-31,5.90000,6.25000,5.78000,6.00000,460800
117,2022-10-28,5.74000,5.96000,5.62500,5.90000,354300
118,2022-10-27,5.68000,5.81000,5.52000,5.66000,232900
119,2022-10-26,5.58000,5.77000,5.52200,5.61000,289300
120,2022-10-25,5.50000,5.67500,5.50000,5.54000,289400
121,2022-10-24,5.33000,5.70900,5.21000,5.44000,349300
122,2022-10-21,5.39000,5.44200,5.25000,5.32000,381400
123,2022-10-20,5.18000,5.42000,5.14000,5.27000,271000
124,2022-10-19,5.51000,5.52500,5.10000,5.18000,500500
125,2022-10-18,5.59000,5.74000,5.52500,5.59000,323200
126,2022-10-17,5.36000,5.57000,5.36000,5.49000,505600
127,2022-10-14,5.30000,5.49000,5.18000,5.25000,395800
128,2022-10-13,5.14000,5.34000,5.04000,5.26000,486700
129,2022-10-12,5.27000,5.38000,5.13000,5.30000,428300
130,2022-10-11,5.34000,5.42000,5.20000,5.30000,257900
131,2022-10-10,5.40000,5.45000,5.25000,5.38000,278800
132,2022-10-07,5.67000,5.69000,5.37500,5.40000,373200
133,2022-10-06,5.69000,5.83000,5.62000,5.67000,241800
134,2022-10-05,5.73000,5.86000,5.56000,5.73000,334500
135,2022-10-04,5.85000,6.01000,5.84000,5.85000,394500
136,2022-10-03,5.74000,5.89000,5.60000,5.76000,352400
137,2022-09-30,5.59000,5.87500,5.57000,5.69000,563400
138,2022-09-29,5.71000,5.73000,5.47500,5.60000,354000
139,2022-09-28,5.54000,5.87000,5.46000,5.79000,641700
140,2022-09-27,5.56000,5.76000,5.41000,5.49000,582100
141,2022-09-26,5.77000,6.12000,5.47000,5.50000,1037300
142,2022-09-23,5.88000,5.95000,5.61000,5.80000,862500
143,2022-09-22,6.05000,6.26000,5.95000,5.99000,610900
144,2022-09-21,6.26000,6.46000,6.09000,6.13000,365300
145,2022-09-20,6.22000,6.39000,6.10000,6.26000,539000
146,2022-09-19,6.59000,6.65000,6.02000,6.31000,659900
147,2022-09-16,6.77000,6.77000,6.49000,6.71000,2064000
148,2022-09-15,6.80000,7.01000,6.66000,6.85000,446800
149,2022-09-14,7.18000,7.20000,6.76500,6.87000,524300
150,2022-09-13,7.65000,7.82900,7.10000,7.17000,663800
151,2022-09-12,7.88000,8.25000,7.80000,7.98000,326700
152,2022-09-09,8.07000,8.17000,7.83000,7.88000,340500
153,2022-09-08,7.75000,8.26000,7.68000,8.03000,919000
154,2022-09-07,7.50000,7.80000,7.42000,7.76000,617700
155,2022-09-06,7.53000,7.60000,7.10000,7.47000,467800
156,2022-09-02,7.60000,7.60000,7.36000,7.45000,264100
157,2022-09-01,7.45000,7.75000,7.32000,7.45000,488000
158,2022-08-31,7.64000,7.72500,7.34000,7.50000,617300
159,2022-08-30,7.75000,7.91000,7.42000,7.60000,396900
160,2022-08-29,7.66000,7.92000,7.65000,7.74000,327200
161,2022-08-26,8.12000,8.15000,7.66000,7.83000,416400
162,2022-08-25,8.25000,8.26500,8.05000,8.15000,242300
163,2022-08-24,8.05000,8.30000,8.04000,8.18000,156700
164,2022-08-23,8.14000,8.24000,8.03000,8.08000,202500
165,2022-08-22,7.99000,8.27000,7.92800,8.11000,247000
166,2022-08-19,8.26000,8.55000,8.14000,8.24000,412500
167,2022-08-18,8.56000,8.59000,8.28000,8.38000,246400
168,2022-08-17,8.53000,8.68000,8.40000,8.56000,525900
169,2022-08-16,8.44000,8.72000,8.39000,8.64000,295200
170,2022-08-15,8.38000,8.63000,8.31000,8.58000,252300
171,2022-08-12,8.25000,8.54000,8.23000,8.41000,269500
172,2022-08-11,8.36000,8.45000,8.12000,8.23000,380600
173,2022-08-10,8.65000,8.67000,8.11000,8.27000,316900
174,2022-08-09,8.82000,9.79000,8.33000,8.48000,866200
175,2022-08-08,8.90000,8.91600,8.59000,8.59000,484100
176,2022-08-05,8.44000,9.00000,8.32000,8.79000,525500
177,2022-08-04,8.48000,8.54000,8.20000,8.45000,397500
178,2022-08-03,8.26000,8.60000,8.24000,8.47000,300000
179,2022-08-02,8.23000,8.48000,8.08000,8.18000,240900
180,2022-08-01,8.22000,8.42000,7.97000,8.29000,319300
181,2022-07-29,8.09000,8.22000,7.85000,8.20000,259400
182,2022-07-28,8.13000,8.14000,7.72000,8.03000,329500
183,2022-07-27,8.17000,8.27000,7.96000,8.11000,281800
184,2022-07-26,8.14000,8.32000,7.99000,8.08000,167300
185,2022-07-25,8.06000,8.20000,7.86000,8.19000,326000
186,2022-07-22,8.37000,8.37000,7.84000,8.00000,437900
187,2022-07-21,8.15000,8.39000,8.05000,8.37000,263000
188,2022-07-20,8.28000,8.40000,8.08000,8.17000,219500
189,2022-07-19,8.12000,8.34400,8.07000,8.24000,197400
190,2022-07-18,7.94000,8.44000,7.94000,8.05000,293200
191,2022-07-15,8.13000,8.37800,7.77000,8.10000,373000
192,2022-07-14,8.36000,8.43000,7.96200,7.99000,368400
193,2022-07-13,8.10000,8.75000,8.10000,8.49000,710800
194,2022-07-12,7.84000,8.29000,7.61000,8.16000,500100
195,2022-07-11,7.78000,7.94000,7.58000,7.83000,304800
196,2022-07-08,7.74000,7.94000,7.62000,7.91000,339600
197,2022-07-07,7.50000,7.86500,7.50000,7.78000,571000
198,2022-07-06,7.49000,7.82000,7.42000,7.47000,430700
199,2022-07-05,7.20000,7.52000,7.03800,7.49000,362400
200,2022-07-01,7.07000,7.31000,6.95000,7.30000,285000
201,2022-06-30,7.18000,7.30000,7.03500,7.10000,350500
202,2022-06-29,7.01000,7.34000,6.91600,7.31000,504900
203,2022-06-28,7.05000,7.21000,6.94000,7.06000,633000
204,2022-06-27,7.15000,7.24500,6.85000,7.12000,589500
205,2022-06-24,6.97000,7.42000,6.92000,7.13000,2184100
206,2022-06-23,6.81000,7.19000,6.81000,6.94000,766300
207,2022-06-22,6.59000,7.11500,6.59000,6.82000,893800
208,2022-06-21,6.58000,7.19000,6.55000,6.69000,831600
209,2022-06-17,6.35000,6.62000,6.35000,6.50000,1604600
210,2022-06-16,6.34000,6.79000,6.08000,6.34000,906200
211,2022-06-15,6.70000,6.87000,6.51500,6.60000,808000
212,2022-06-14,6.64000,6.72000,6.31000,6.67000,1055300
213,2022-06-13,7.40000,7.51000,6.62000,6.63000,1081100
214,2022-06-10,7.94000,8.06000,7.67000,7.72000,840400
215,2022-06-09,7.96000,8.20000,7.83500,8.14000,625000
216,2022-06-08,8.07000,8.24000,7.94000,8.06000,1162600
217,2022-06-07,7.87000,8.12500,7.74000,8.08000,933000
218,2022-06-06,8.00000,8.09000,7.76000,7.88000,737700
219,2022-06-03,7.83000,7.99000,7.69000,7.80000,545200
220,2022-06-02,7.43000,7.99000,7.38000,7.87000,568600
221,2022-06-01,7.90000,7.95000,7.36000,7.38000,1084400
222,2022-05-31,8.11000,8.18500,7.75000,7.88000,1784400
223,2022-05-27,7.60000,8.29600,7.55500,8.18000,783700
224,2022-05-26,7.42000,7.79000,7.36000,7.55500,559800
225,2022-05-25,7.45000,7.51000,7.29500,7.34000,702700
226,2022-05-24,7.23000,7.57000,7.15000,7.53000,562800
227,2022-05-23,7.49000,7.53000,7.23500,7.30000,635400
228,2022-05-20,7.30000,7.53000,7.18000,7.49000,608700
229,2022-05-19,7.14000,7.62000,7.11000,7.25000,935200
230,2022-05-18,7.11000,7.48000,7.00000,7.14000,824300
231,2022-05-17,7.73000,7.73000,7.12000,7.38000,745400
232,2022-05-16,7.21000,7.70500,7.05200,7.51000,1042000
233,2022-05-13,6.58000,7.36000,6.47000,7.29000,1197600
234,2022-05-12,5.89000,6.44000,5.65800,6.43000,862600
235,2022-05-11,5.84000,6.67000,5.66500,6.02000,1165600
236,2022-05-10,5.55000,6.01000,5.38000,5.86000,1345000
237,2022-05-09,5.43000,5.64000,5.31000,5.33000,773400
238,2022-05-06,5.62000,5.70000,5.31000,5.52000,666000
239,2022-05-05,6.05000,6.05000,5.52000,5.62000,454400
240,2022-05-04,6.17000,6.17000,5.78000,6.12000,468700
241,2022-05-03,6.13000,6.33000,6.04500,6.17000,456300
242,2022-05-02,5.86000,6.15000,5.77000,6.14000,460300
243,2022-04-29,6.16000,6.33000,5.86000,5.87000,316600
244,2022-04-28,5.99000,6.23000,5.81000,6.16000,522400
245,2022-04-27,5.84000,6.02000,5.75000,5.90000,606500
246,2022-04-26,6.04000,6.09000,5.82000,5.84000,504700
247,2022-04-25,5.85000,6.14000,5.82600,6.13000,443000
248,2022-04-22,6.03000,6.23000,5.86000,5.89000,525900
249,2022-04-21,6.48000,6.49000,6.04000,6.09000,461400
250,2022-04-20,6.41000,6.45000,6.19000,6.34000,325500
251,2022-04-19,6.16000,6.42500,6.03000,6.38000,410400
252,2022-04-18,6.55000,6.55000,6.17000,6.20000,719300
253,2022-04-14,6.70000,6.71000,6.50000,6.59000,616800
254,2022-04-13,6.55000,6.83000,6.54000,6.67000,478500
255,2022-04-12,6.67000,6.78000,6.50000,6.55000,647400
256,2022-04-11,6.55000,6.67500,6.43000,6.57000,410400
257,2022-04-08,6.69000,6.89000,6.61000,6.66000,354200
258,2022-04-07,6.71000,6.75000,6.51000,6.73000,410900
259,2022-04-06,6.73000,6.81000,6.53000,6.70000,475800
260,2022-04-05,7.18000,7.29000,6.80000,6.82000,553400
261,2022-04-04,7.20000,7.43000,7.13500,7.16000,531500
262,2022-04-01,7.22000,7.38500,7.06000,7.10000,639500
263,2022-03-31,7.07000,7.25000,7.06000,7.22000,689800
264,2022-03-30,7.27000,7.40000,7.04000,7.08000,488000
265,2022-03-29,7.06000,7.42500,7.06000,7.30000,744800
266,2022-03-28,6.93000,7.03600,6.75000,6.99000,532600
267,2022-03-25,7.31000,7.33000,6.90500,6.91000,508700
268,2022-03-24,7.33000,7.34800,6.84000,7.28000,822300
269,2022-03-23,7.25000,7.50100,7.18000,7.22000,776900
270,2022-03-22,6.93000,7.35800,6.90000,7.33000,1336800
271,2022-03-21,7.03000,7.30000,6.87000,6.93000,1248600
272,2022-03-18,6.59000,7.13000,6.58000,7.08000,3063000
273,2022-03-17,6.15000,6.69500,6.15000,6.59000,1542300
274,2022-03-16,5.76000,6.26500,5.67000,6.22000,1221200
275,2022-03-15,5.66800,5.72500,5.43000,5.69000,761700
276,2022-03-14,5.73000,5.82000,5.38000,5.50000,1058700
277,2022-03-11,6.14000,6.14500,5.79000,5.79000,508400
278,2022-03-10,6.23000,6.39000,5.91500,6.05000,926000
279,2022-03-09,6.07000,6.33000,6.02000,6.26000,817700
280,2022-03-08,5.76000,6.20000,5.67000,5.97000,1223700
281,2022-03-07,5.75000,6.10000,5.69000,5.89000,1136200
282,2022-03-04,6.17000,6.30000,5.72500,5.75000,829000
283,2022-03-03,6.49000,6.56000,6.16000,6.30000,1018000
284,2022-03-02,6.43800,6.65000,6.28000,6.60000,1036000
285,2022-03-01,7.00000,7.32000,6.07000,6.46000,2817200
286,2022-02-28,6.35000,6.58000,6.26000,6.34000,1312200
287,2022-02-25,6.23000,6.43000,6.14000,6.37000,744000
288,2022-02-24,5.56000,6.24500,5.50000,6.22000,804900
289,2022-02-23,5.93000,5.98000,5.77900,5.80000,730400
290,2022-02-22,5.86000,6.09500,5.81000,5.91000,1157600
291,2022-02-18,6.00000,6.23000,5.88000,5.92000,1383300
292,2022-02-17,6.34000,6.36000,6.02000,6.06000,1001200
293,2022-02-16,6.39000,6.43000,6.20000,6.36000,585400
294,2022-02-15,6.24000,6.50500,6.19000,6.42000,1308700
295,2022-02-14,6.71000,6.75000,6.10000,6.17000,1253300
296,2022-02-11,7.01000,7.25000,6.67000,6.74000,920100
297,2022-02-10,7.11000,7.40000,6.96000,7.05000,1784200
298,2022-02-09,6.97000,7.39000,6.92000,7.11000,3978500
299,2022-02-08,6.82000,6.88000,6.61000,6.85000,1662100
300,2022-02-07,6.84000,7.05000,6.84000,6.87000,537000
301,2022-02-04,6.82000,6.91000,6.65600,6.84000,355800
302,2022-02-03,6.89000,7.11000,6.75500,6.80000,549200
303,2022-02-02,7.28000,7.43000,7.00000,7.01000,623500
304,2022-02-01,7.15000,7.48000,7.02000,7.28000,975300
305,2022-01-31,6.83000,7.14000,6.80000,7.14000,916700
306,2022-01-28,6.36000,6.81000,6.30000,6.80000,1552900
307,2022-01-27,6.69000,6.85000,6.37000,6.43000,689100
308,2022-01-26,6.59000,6.84000,6.42000,6.54000,1405900
309,2022-01-25,6.52000,6.81000,6.36000,6.51000,599100
310,2022-01-24,6.21000,6.59000,6.02000,6.58000,1290800
311,2022-01-21,6.81000,6.92000,6.43500,6.44000,1351700
312,2022-01-20,6.94000,7.35500,6.88000,6.92000,1128000
313,2022-01-19,6.90000,7.12000,6.79000,6.88000,1395200
314,2022-01-18,7.14000,7.29000,6.89000,6.90000,660500
315,2022-01-14,7.17000,7.30000,7.01000,7.30000,1137000
316,2022-01-13,7.59000,7.77400,7.27000,7.30000,716000
317,2022-01-12,7.88000,7.93000,7.64000,7.66000,575200
318,2022-01-11,7.69000,7.93000,7.62000,7.89000,695500
319,2022-01-10,7.93200,7.93200,7.38000,7.68000,960000
320,2022-01-07,7.78000,7.85000,7.50000,7.64000,1476400
321,2022-01-06,7.80000,7.95000,7.24000,7.76000,2004400
322,2022-01-05,8.50000,8.91000,8.22500,8.30000,1135800
323,2022-01-04,9.03000,9.28000,8.57000,8.62000,972700
324,2022-01-03,9.30000,9.34500,8.85300,9.19000,1205800
325,2021-12-31,9.01000,9.24000,8.86000,8.94000,599900
326,2021-12-30,8.76000,9.21000,8.76000,9.05000,825800
327,2021-12-29,9.04000,9.18000,8.69000,8.82000,1038300
328,2021-12-28,9.25000,9.65000,9.05000,9.10000,1009400
329,2021-12-27,9.06000,9.45000,8.97000,9.43000,1023400
330,2021-12-23,9.00000,9.21000,8.92000,9.11000,1219400
331,2021-12-22,8.83000,9.26000,8.82000,9.13000,1726300
332,2021-12-21,8.52000,8.69000,8.41000,8.56000,1050000
333,2021-12-20,8.55000,8.77000,8.31000,8.55000,1574600
334,2021-12-17,8.27000,8.73000,8.03000,8.55000,4631400
335,2021-12-16,8.12000,8.63000,8.12000,8.32000,1757800
336,2021-12-15,8.12000,8.12000,7.46500,8.00000,2187900
337,2021-12-14,8.02000,8.26000,7.84000,8.02000,1334200
338,2021-12-13,8.02000,8.62000,8.02000,8.15000,1500400
339,2021-12-10,7.94000,8.22500,7.84000,7.97000,1075500
340,2021-12-09,8.58000,8.76500,8.00000,8.04000,2079500
341,2021-12-08,8.31000,8.72500,8.02000,8.69000,1503700
342,2021-12-07,7.85000,8.46000,7.85000,8.25000,2512900
343,2021-12-06,7.97000,8.01000,7.64000,7.76000,1352600
344,2021-12-03,8.17000,8.25000,7.80000,8.06000,1235500
345,2021-12-02,7.68500,8.15000,7.68500,8.11000,1580700
346,2021-12-01,7.98000,8.09000,7.76000,7.82000,1715600
347,2021-11-30,7.82000,8.28000,7.72000,8.09000,1947100
348,2021-11-29,8.20000,8.28600,7.77000,7.84000,2263700
349,2021-11-26,7.79000,8.34000,7.69000,8.14000,2190800
350,2021-11-24,7.53000,7.77000,7.37000,7.68000,4115900
351,2021-11-23,7.91000,8.02000,7.44000,7.67000,3805900
352,2021-11-22,8.05000,8.25000,7.76000,7.96000,3642300
353,2021-11-19,8.68000,8.90000,8.04000,8.11000,4242900
354,2021-11-18,8.41000,8.68000,8.13000,8.62000,5913300
355,2021-11-17,9.66000,10.08800,8.53000,8.69000,9953700
356,2021-11-16,11.40000,11.41500,11.07000,11.36000,1672500
357,2021-11-15,11.32000,11.72000,11.12000,11.50000,1563600
358,2021-11-12,11.07000,11.63000,10.51000,11.36000,2653100
359,2021-11-11,10.69500,10.93200,10.53000,10.64000,1462800
360,2021-11-10,10.87000,11.50000,10.58000,10.67000,1225400
361,2021-11-09,10.80000,11.05000,10.53000,10.92000,1262400
362,2021-11-08,10.69000,11.08000,10.65600,10.75000,1476800
363,2021-11-05,11.36000,11.36600,10.28000,10.81000,4416200
364,2021-11-04,12.16000,12.23000,11.71000,11.78000,1030200
365,2021-11-03,11.70000,12.08000,11.50000,11.99000,1818200
366,2021-11-02,12.09000,12.13500,11.30000,11.72000,1848000
367,2021-11-01,11.60000,12.13000,11.50000,12.00000,1962500
368,2021-10-29,11.96000,12.05500,11.58000,11.64000,1583300
369,2021-10-28,12.23000,12.39000,11.86000,11.96000,2774600
370,2021-10-27,12.37000,12.51000,11.91000,12.17000,2265000
371,2021-10-26,12.55000,12.67000,12.06500,12.39000,3076500
372,2021-10-25,12.62300,13.22000,12.50000,12.72000,3634800
373,2021-10-22,12.12000,12.77000,11.73000,12.73000,4324600
374,2021-10-21,12.95000,13.24100,12.26000,12.75000,7975900
375,2021-10-20,13.83000,14.42000,12.66000,13.24000,18402100
376,2021-10-19,11.20000,16.63000,10.76000,13.82000,129166900
377,2021-10-18,39.72000,41.72000,38.71000,40.60000,2336100
378,2021-10-15,40.41000,40.79000,39.15500,39.28000,1160900
379,2021-10-14,42.60000,43.00000,40.28000,40.45000,2779700
380,2021-10-13,38.46000,41.79500,38.40000,41.70000,2422300
381,2021-10-12,39.08000,39.26000,38.00000,38.39000,1159700
382,2021-10-11,40.20000,40.71000,37.40000,38.84000,2396800
383,2021-10-08,40.50000,43.23000,39.62000,40.06000,2526000
384,2021-10-07,39.99000,41.78000,39.31000,41.03000,2451100
385,2021-10-06,42.86000,44.95000,39.36500,39.87000,2624600
386,2021-10-05,44.24300,44.25000,40.61000,42.36000,3815300
387,2021-10-04,43.17000,46.91000,40.20000,44.59000,4987200
388,2021-10-01,46.00000,46.62000,39.92000,42.01000,15972100
389,2021-09-30,32.59000,38.47900,32.44000,35.06000,4009800
390,2021-09-29,32.20000,32.58000,31.00000,32.13000,903100
391,2021-09-28,33.75000,33.98000,31.81000,32.14000,1830300
392,2021-09-27,32.49000,33.86000,30.61000,33.76000,2132700
393,2021-09-24,32.30000,34.00000,31.68000,32.14000,2409100
394,2021-09-23,31.80000,32.35000,30.16000,31.97000,1533400
395,2021-09-22,29.00000,31.75100,28.99000,31.57000,2269300
396,2021-09-21,29.48000,29.95000,28.10600,28.45000,1094500
397,2021-09-20,27.00000,31.94000,26.83000,28.94000,4682000
398,2021-09-17,26.95000,26.95000,25.88000,26.23000,3180700
399,2021-09-16,25.68000,27.29000,25.64000,27.13000,1842100
400,2021-09-15,27.62000,27.83500,25.56000,25.98000,1863500
401,2021-09-14,28.06000,28.38800,27.56000,27.72000,1163600
402,2021-09-13,28.80000,29.00000,27.66000,27.88000,1062900
403,2021-09-10,28.99000,29.33800,28.51500,28.60000,912600
404,2021-09-09,28.75000,29.03000,27.58000,28.66000,1754000
405,2021-09-08,29.70000,29.74000,27.57300,27.70000,1359100
406,2021-09-07,29.16000,31.27400,29.05000,29.67000,2171200
407,2021-09-03,28.89000,29.25000,28.38000,28.91000,1079300
408,2021-09-02,28.63000,29.27000,28.00000,29.00000,826000
409,2021-09-01,30.25000,30.28000,27.80000,28.63000,1428300
410,2021-08-31,30.31000,30.75000,29.47000,29.72000,1392400
411,2021-08-30,31.35000,31.66000,30.05000,30.50000,1231000
412,2021-08-27,29.55000,31.65000,29.19000,31.35000,1042600
413,2021-08-26,30.45000,30.51000,28.66000,29.23000,1272700
414,2021-08-25,30.00000,30.72000,29.31000,30.55000,823300
415,2021-08-24,30.00000,30.09000,29.10100,29.79000,1003800
416,2021-08-23,30.14000,30.25000,29.27000,29.77000,712400
417,2021-08-20,29.55000,30.05000,28.85000,29.66000,684300
418,2021-08-19,29.20000,30.40000,28.50300,29.48000,669700
419,2021-08-18,28.93000,29.69000,28.53000,29.21000,941400
420,2021-08-17,27.04000,28.89000,26.76000,28.74000,729400
421,2021-08-16,27.69000,29.45000,27.43000,27.88000,1184600
422,2021-08-13,31.00000,31.11000,26.73000,27.67000,1837200
423,2021-08-12,33.40000,34.47000,30.43000,31.11000,1455800
424,2021-08-11,33.48000,33.80000,31.52000,33.01000,816600
425,2021-08-10,32.63000,33.06000,30.21000,32.91000,1188100
426,2021-08-09,31.50000,33.99000,31.25100,32.27000,1698800
427,2021-08-06,28.00000,31.57000,27.56000,31.16000,1572100
428,2021-08-05,27.15000,28.15000,26.51000,27.90000,801000
429,2021-08-04,27.69000,27.81000,26.30000,26.59000,769500
430,2021-08-03,26.06000,28.00000,25.52000,27.84000,1036900
431,2021-08-02,26.00000,27.24500,25.19500,26.08000,648900
432,2021-07-30,24.36000,25.15000,24.25500,25.04000,641800
433,2021-07-29,25.03000,25.26800,24.27100,24.35000,663800
434,2021-07-28,26.19000,26.26000,24.60000,25.03000,1323000
435,2021-07-27,24.45000,26.13000,24.28000,26.05000,1127300
436,2021-07-26,25.00000,25.22000,24.17200,24.50000,1227200
437,2021-07-23,25.53000,25.89000,24.75000,25.11000,463300
438,2021-07-22,25.07000,26.26000,25.01000,25.53000,737500
439,2021-07-21,25.02000,26.20000,24.85000,25.22000,909500
440,2021-07-20,24.70000,25.68000,23.28500,25.03000,1877900
441,2021-07-19,22.72000,25.24000,22.38000,24.90000,1493300
442,2021-07-16,21.94000,23.39000,21.62000,22.90000,795800
443,2021-07-15,22.93000,23.07000,21.10000,22.01000,1121500
444,2021-07-14,22.44000,23.07000,22.05000,22.93000,1175600
445,2021-07-13,23.17000,23.61000,22.00000,22.25000,1370000
446,2021-07-12,22.98000,23.41000,21.87000,23.29000,675600
447,2021-07-09,22.90000,23.44500,22.46000,22.99000,349200
448,2021-07-08,21.56000,22.90000,21.47000,22.65000,508000
449,2021-07-07,23.94000,24.00000,21.96000,22.10000,741600
450,2021-07-06,23.30000,24.30000,22.75000,24.00000,2055800
451,2021-07-02,21.50000,23.45000,21.20000,23.28000,1519800
452,2021-07-01,21.78200,22.03000,20.92000,21.33000,1607300
453,2021-06-30,26.79000,27.85000,21.20000,21.48000,4949900
454,2021-06-29,26.20000,27.21000,24.10000,24.41000,1631200
455,2021-06-28,24.13000,25.84000,23.92000,25.71000,1684100
456,2021-06-25,23.56000,24.05000,23.32000,23.81000,7317000
457,2021-06-24,23.21000,24.21000,23.21000,23.42000,1368700
458,2021-06-23,23.57000,24.10000,22.50000,23.17000,1013300
459,2021-06-22,24.30000,24.58000,23.10000,23.45000,1530200
460,2021-06-21,23.35000,24.41000,22.62000,24.15000,2130900
461,2021-06-18,22.91000,24.50000,22.87000,23.39000,3204200
462,2021-06-17,23.28000,26.68000,21.78000,22.85000,3412300
463,2021-06-16,23.56000,24.01000,22.49000,23.48000,1380800
464,2021-06-15,23.66000,23.84000,22.74000,23.58000,1556700
465,2021-06-14,23.88000,24.48000,23.02000,23.81000,1237000
466,2021-06-11,25.37000,25.45000,23.14100,23.76000,1005100
467,2021-06-10,25.10000,25.28000,24.05000,25.08000,803000
468,2021-06-09,23.85000,25.57000,23.82000,24.51000,1360500
469,2021-06-08,24.13000,24.40000,22.69000,23.51000,1380500
470,2021-06-07,21.90000,24.40000,21.71000,23.92000,1952100
471,2021-06-04,20.68000,21.71000,20.24000,21.53000,1167400
472,2021-06-03,20.74000,21.24000,20.25000,20.53000,703400
473,2021-06-02,20.58000,20.95000,19.82000,20.57000,765800
474,2021-06-01,20.63000,20.75000,19.64000,20.51000,551200
475,2021-05-28,20.54000,21.00000,20.20000,20.42000,538700
476,2021-05-27,20.39000,21.17000,19.89500,20.55000,1391200
477,2021-05-26,20.04000,20.46000,19.49000,20.08000,876200
478,2021-05-25,20.92000,21.39000,19.47000,19.52000,767100
479,2021-05-24,22.73000,22.73000,20.19000,20.68000,745600
480,2021-05-21,23.58000,23.58000,22.35000,22.43000,763500
481,2021-05-20,22.07000,23.55500,22.00000,23.37000,914200
482,2021-05-19,23.13000,23.19000,21.44000,21.96000,840800
483,2021-05-18,23.61000,24.09500,22.52500,23.43000,706500
484,2021-05-17,22.81000,24.10000,22.65000,23.50000,769100
485,2021-05-14,20.74000,24.45000,20.15000,22.91000,1611300
486,2021-05-13,20.05000,20.32000,18.72000,19.22000,968800
487,2021-05-12,20.89000,21.05000,19.39000,19.74000,558500
488,2021-05-11,19.00000,20.87000,18.79500,20.69000,612700
489,2021-05-10,21.50000,21.82300,19.45000,19.63000,777600
490,2021-05-07,21.99000,23.25600,21.15000,21.32000,1056700
491,2021-05-06,21.15000,22.33000,19.70000,22.02000,983900
492,2021-05-05,21.10000,22.56000,20.69000,21.10000,1220700
493,2021-05-04,22.40000,22.69000,20.90000,21.08000,1392400
494,2021-05-03,25.00000,25.00000,22.80000,22.98000,1482000
495,2021-04-30,26.35000,26.70000,24.20000,24.71000,1628500
496,2021-04-29,27.07000,27.19000,24.65000,26.38000,3337000
497,2021-04-28,32.41000,32.71000,26.27000,26.65000,5429900
498,2021-04-27,36.41000,37.63000,33.54000,33.60000,1177500
499,2021-04-26,37.00000,37.64000,35.95000,36.46000,366300
500,2021-04-23,39.43000,39.76000,35.11000,36.41000,521700
501,2021-04-22,40.70000,41.76000,39.73000,39.76000,391800
502,2021-04-21,42.37000,42.37000,37.88000,40.71000,684500
503,2021-04-20,44.26000,46.49000,40.83000,42.34000,309300
504,2021-04-19,44.97000,46.18000,43.27000,44.50000,600000
505,2021-04-16,46.02000,46.95000,43.72000,44.94000,434400
506,2021-04-15,54.58000,55.03000,45.18000,46.01000,962400
507,2021-04-14,57.07000,57.07000,53.04000,54.58000,259300
508,2021-04-13,55.46000,57.86000,54.57000,57.22000,316700
509,2021-04-12,57.00000,57.25000,53.97000,55.31000,259700
510,2021-04-09,56.05000,56.82000,52.61500,56.51000,313500
511,2021-04-08,57.72000,57.72000,56.06000,56.79000,246600
512,2021-04-07,59.69000,59.82000,55.98000,57.20000,314100
513,2021-04-06,59.26000,62.01000,58.07000,59.08000,558800
514,2021-04-05,57.86000,59.00000,57.32000,58.71000,317000
515,2021-04-01,62.32000,63.38000,56.72000,57.81000,367100
516,2021-03-31,56.42000,61.96000,55.84000,61.75000,522600
517,2021-03-30,58.82000,59.67000,55.38000,56.23000,440900
518,2021-03-29,59.31000,60.01000,56.84000,58.65000,334500
519,2021-03-26,60.00000,61.74000,58.76000,60.16000,498600
520,2021-03-25,66.20000,66.75000,59.42000,59.95000,283000
521,2021-03-24,68.97000,68.97000,65.63000,67.82000,427700
522,2021-03-23,77.41000,77.91000,66.25000,69.35000,740800
523,2021-03-22,78.69000,78.69000,75.92500,77.35000,352200
524,2021-03-19,75.27000,79.49000,75.27000,78.09000,392200
525,2021-03-18,76.65000,78.55000,74.26500,75.37000,165700
526,2021-03-17,76.20000,78.65000,74.62000,77.41000,200800
527,2021-03-16,69.78000,78.22000,69.01500,77.20000,215300
528,2021-03-15,66.52000,70.27000,65.82500,69.80000,187100
529,2021-03-12,66.79000,68.37000,65.19000,67.86000,178900
530,2021-03-11,64.88000,67.68000,64.20500,67.50000,207600
531,2021-03-10,62.68000,64.71000,62.68000,64.08000,291700
532,2021-03-09,60.48000,62.69000,59.87000,61.70000,196100
533,2021-03-08,59.83000,62.28000,58.23000,58.81000,465600
534,2021-03-05,62.17000,62.50500,57.36000,59.98000,874100
535,2021-03-04,69.98000,70.80000,59.84000,63.04000,624100
536,2021-03-03,73.94000,73.94000,70.45000,70.61000,328500
537,2021-03-02,74.24000,74.75000,66.38000,71.82000,488600
538,2021-03-01,76.00000,76.00000,72.65000,73.77000,358200
539,2021-02-26,79.48000,83.29000,74.08000,75.36000,409100
540,2021-02-25,80.38000,82.55000,77.91000,81.29000,460800
541,2021-02-24,78.22000,80.72000,77.08000,80.00000,350700
542,2021-02-23,82.14000,82.36000,69.48000,76.23000,271300
543,2021-02-22,82.49000,84.49000,82.01000,83.61000,155000
544,2021-02-19,83.79000,86.00000,82.81000,83.63000,156400
545,2021-02-18,86.56000,87.48000,82.69000,83.40000,136600
546,2021-02-17,82.76000,88.77000,81.08700,86.07000,140900
547,2021-02-16,84.00000,84.48000,81.11000,84.15000,138100
548,2021-02-12,88.04000,89.46100,80.35000,82.03000,203400
549,2021-02-11,89.67000,94.17400,87.00000,87.92000,90200
550,2021-02-10,87.77000,89.39000,82.84000,87.83000,289000
551,2021-02-09,89.44000,89.44000,83.60000,87.10000,432600
552,2021-02-08,86.01000,89.52000,85.28000,88.44000,308900
553,2021-02-05,82.41000,87.11000,82.41000,86.06000,171700
554,2021-02-04,88.73000,90.95000,79.60000,81.96000,246200
555,2021-02-03,84.99000,89.90000,84.04000,88.27000,252500
556,2021-02-02,77.43000,88.94100,77.01000,83.82000,351700
557,2021-02-01,76.66000,79.50000,72.66000,75.59000,233000
558,2021-01-29,61.23000,79.95000,58.77000,73.00000,937500
559,2021-01-28,59.39000,61.19000,56.86500,59.14000,317500
560,2021-01-27,55.62000,60.00000,54.96000,58.10000,160000
561,2021-01-26,55.84000,57.04000,54.11000,56.00000,134000
562,2021-01-25,53.93000,55.77000,51.98800,55.39000,109800
563,2021-01-22,53.97000,54.50000,51.39000,54.27000,110800
564,2021-01-21,58.11000,58.14000,52.94000,54.15000,412000
565,2021-01-20,55.40000,59.46000,54.78000,57.85000,199300
566,2021-01-19,54.07000,55.47000,53.30000,55.14000,255800
567,2021-01-15,51.43000,57.19000,50.47000,53.44000,142300
568,2021-01-14,50.27000,54.46200,49.49000,52.10000,208300
569,2021-01-13,45.45000,50.37000,44.91000,50.31000,163100
570,2021-01-12,46.75000,48.18000,44.65000,45.23000,393900
571,2021-01-11,48.99000,49.66000,46.01000,47.04000,276600
572,2021-01-08,45.08000,48.13500,44.16000,48.06000,272100
573,2021-01-07,43.52000,45.82000,42.07000,44.26000,281800
574,2021-01-06,42.17000,44.39000,41.21000,43.38000,277400
575,2021-01-05,41.57000,42.00000,39.55000,41.80000,272400
576,2021-01-04,42.15000,44.34200,41.41000,41.42000,250300
577,2020-12-31,41.87000,42.21000,40.10000,41.78000,202400
578,2020-12-30,39.54000,41.99000,39.49000,41.71000,181000
579,2020-12-29,39.28000,41.26000,37.59000,39.34000,312000
580,2020-12-28,34.50000,39.46000,34.50000,39.09000,276300
581,2020-12-24,34.31000,35.34000,33.88000,34.48000,66400
582,2020-12-23,36.69000,37.10500,33.70000,34.58000,409200
583,2020-12-22,34.94000,38.22000,34.15000,36.21000,368500
584,2020-12-21,33.88000,34.96000,31.03000,34.92000,288200
585,2020-12-18,31.18000,35.81000,30.05000,34.11000,2732900
586,2020-12-17,30.88000,31.97500,30.08000,31.14000,364200
587,2020-12-16,30.50000,32.58500,30.50000,30.78000,338900
588,2020-12-15,31.42000,31.60000,30.00000,30.71000,359400
589,2020-12-14,29.38000,32.42000,29.38000,31.04000,254200
590,2020-12-11,28.20000,30.24600,28.00000,29.77000,1213200
591,2020-12-10,27.70000,28.68000,27.27000,28.34000,99200
592,2020-12-09,28.47000,28.51000,27.25000,27.77000,226600
593,2020-12-08,28.48000,28.48000,27.16000,28.13000,326600
594,2020-12-07,29.40000,29.85000,28.25500,28.51000,150000
595,2020-12-04,28.59000,30.10000,28.43000,29.25000,136900
596,2020-12-03,30.74000,31.30000,28.03000,28.14000,170700
597,2020-12-02,31.74000,32.46000,30.43000,30.63000,160500
598,2020-12-01,34.10000,34.25500,31.91000,32.03000,172100
599,2020-11-30,34.50000,35.00000,32.92000,33.32000,398200
600,2020-11-27,34.25000,34.85000,33.76100,34.44000,187500
601,2020-11-25,34.50000,35.23100,33.63000,33.80000,274100
602,2020-11-24,35.76000,36.65000,33.64000,34.07000,581700
603,2020-11-23,33.62000,34.48000,32.89000,33.54000,272200
604,2020-11-20,32.27000,33.88000,32.18000,33.17000,313300
605,2020-11-19,32.24000,33.88000,32.00000,32.55000,254400
606,2020-11-18,33.45000,34.81000,31.50000,32.08000,381000
607,2020-11-17,32.28000,34.31000,32.28000,33.35000,711500
608,2020-11-16,31.96000,35.35000,31.69000,32.46000,679600
609,2020-11-13,29.57000,34.21000,29.16000,32.32000,432700
610,2020-11-12,28.50000,30.50000,27.94000,29.53000,385600
611,2020-11-11,26.90000,30.02000,26.90000,28.25000,341000
612,2020-11-10,26.37000,28.66000,25.60000,26.94000,446400
613,2020-11-09,28.00000,29.13500,24.15000,26.36000,1599900
614,2020-11-06,33.71000,35.59000,33.38000,34.17000,660500
615,2020-11-05,31.06000,34.45000,31.06000,34.00000,1473000
616,2020-11-04,28.00000,31.80000,27.50000,31.03000,861300
617,2020-11-03,30.59000,31.21000,28.02000,28.15000,698800
618,2020-11-02,29.94000,31.45000,28.00000,29.74000,835400
619,2020-10-30,27.03000,32.42000,27.02000,30.34000,3575800
