,datetime,open,high,low,close,volume
0,2023-04-19,16.75000,17.04800,15.93000,17.04800,4300
1,2023-04-18,16.78000,16.87000,16.78000,16.87000,400
2,2023-04-17,17.85000,17.85000,17.85000,17.85000,300
3,2023-04-14,17.85000,17.85000,17.85000,17.85000,0
4,2023-04-13,17.26000,17.85000,17.26000,17.85000,700
5,2023-04-12,16.56000,17.25100,16.56000,17.25100,700
6,2023-04-11,17.50000,17.50000,17.50000,17.50000,0
7,2023-04-10,17.50000,17.50000,17.50000,17.50000,0
8,2023-04-06,17.50000,17.50000,17.50000,17.50000,0
9,2023-04-05,17.50000,17.50000,17.50000,17.50000,0
10,2023-04-04,18.00000,18.00000,15.05000,17.50000,2400
11,2023-04-03,16.00000,18.40000,16.00000,17.92700,1100
12,2023-03-31,17.16000,17.99800,16.71300,17.76800,2500
13,2023-03-30,16.01100,17.98000,16.01100,17.95000,3400
14,2023-03-29,15.61000,16.95000,15.61000,16.75000,2900
15,2023-03-28,15.75000,17.13900,15.12000,15.30000,2400
16,2023-03-27,16.00000,16.50000,15.02000,16.20000,5500
17,2023-03-24,16.00000,16.38200,15.99000,16.00000,2900
18,2023-03-23,17.08700,17.24000,16.35000,16.35000,2200
19,2023-03-22,17.13600,17.13600,17.01000,17.01000,500
20,2023-03-21,18.05000,18.05000,17.00000,17.25000,6600
21,2023-03-20,18.50000,18.50000,18.50000,18.50000,100
22,2023-03-17,18.72500,18.72500,18.72500,18.72500,600
23,2023-03-16,18.06000,19.60000,18.00000,19.60000,1100
24,2023-03-15,19.20000,19.20000,18.00000,18.00000,700
25,2023-03-14,19.05000,19.08000,19.00000,19.00000,1000
26,2023-03-13,18.00000,19.00000,18.00000,19.00000,1800
27,2023-03-10,18.84000,18.90500,18.00000,18.90500,2500
28,2023-03-09,20.37200,20.37200,20.37200,20.37200,100
29,2023-03-08,18.85000,20.37200,18.85000,20.37200,700
30,2023-03-07,19.44000,19.44000,19.43000,19.43000,200
31,2023-03-06,19.50000,19.57000,18.65000,19.53000,2200
32,2023-03-03,20.00000,20.00000,19.30000,19.96000,1500
33,2023-03-02,19.82000,20.31000,19.51000,20.31000,800
34,2023-03-01,19.85000,20.63600,19.85000,20.63600,3100
35,2023-02-28,20.12000,20.34000,19.73000,19.73000,600
36,2023-02-27,20.49000,20.49000,19.90000,19.98000,2100
37,2023-02-24,20.00100,20.50000,20.00100,20.50000,1400
38,2023-02-23,20.05000,20.39500,20.05000,20.39500,900
39,2023-02-22,20.14000,20.70000,19.80000,20.55000,2700
40,2023-02-21,20.38000,20.38000,20.10000,20.10000,2900
41,2023-02-17,20.36000,20.36000,20.35000,20.35000,300
42,2023-02-16,20.37000,20.54000,20.35000,20.54000,1500
43,2023-02-15,20.70000,20.73000,20.70000,20.70000,300
44,2023-02-14,20.70000,20.89800,20.35000,20.60000,1400
45,2023-02-13,20.70000,20.70000,20.37000,20.37000,400
46,2023-02-10,20.82100,20.82100,20.51000,20.64600,1200
47,2023-02-09,20.81000,20.86300,20.72500,20.80400,1400
48,2023-02-08,21.29000,21.29000,20.76300,21.00000,500
49,2023-02-07,21.12900,21.12900,20.84500,21.00000,2000
50,2023-02-06,20.88000,20.88000,20.85000,20.85000,400
51,2023-02-03,20.79000,20.85200,20.25000,20.70100,1600
52,2023-02-02,20.86000,20.86000,20.85700,20.85700,500
53,2023-02-01,20.46300,20.83100,20.25000,20.83100,900
54,2023-01-31,20.41000,20.98000,20.41000,20.98000,600
55,2023-01-30,20.80600,20.80600,20.80600,20.80600,300
56,2023-01-27,21.00000,21.00000,20.22000,20.36000,900
57,2023-01-26,20.23000,20.68600,20.20000,20.20000,1500
58,2023-01-25,20.30000,20.30000,20.30000,20.30000,300
59,2023-01-24,20.45000,20.75000,20.16000,20.58100,1200
60,2023-01-23,20.12000,20.12000,20.12000,20.12000,400
61,2023-01-20,21.25000,21.25000,20.19100,20.19100,600
62,2023-01-19,20.50000,20.50000,20.50000,20.50000,500
63,2023-01-18,20.25000,20.29000,20.25000,20.25000,700
64,2023-01-13,20.37000,22.23000,19.75000,20.50000,3100
65,2023-01-11,20.17500,20.17500,20.17500,20.17500,100
66,2023-01-10,20.45000,20.45000,20.45000,20.45000,300
67,2023-01-09,20.29600,20.29600,20.29600,20.29600,200
68,2023-01-06,20.25000,20.45000,19.72500,20.45000,1300
69,2023-01-05,20.03000,20.22500,20.00000,20.00000,700
70,2023-01-04,20.02000,20.02000,20.02000,20.02000,200
71,2023-01-03,20.20000,20.44900,20.20000,20.30000,1300
72,2022-12-30,20.00000,20.23600,19.80000,20.10000,6600
73,2022-12-29,19.85000,20.19100,19.85000,20.00000,3600
74,2022-12-27,19.50000,19.72000,19.45000,19.72000,1400
75,2022-12-23,19.40000,19.40000,19.40000,19.40000,300
76,2022-12-22,19.50000,19.50000,19.50000,19.50000,100
77,2022-12-21,19.00000,19.89500,19.00000,19.50000,4400
78,2022-12-20,18.95000,19.00000,18.95000,19.00000,700
79,2022-12-19,19.50000,19.50000,19.00000,19.00000,1500
80,2022-12-16,19.10000,19.10000,18.95000,19.00000,2200
81,2022-12-15,19.85000,20.06600,19.34000,19.34000,2300
82,2022-12-14,19.22000,20.45500,19.15000,20.45500,1300
83,2022-12-13,19.20000,19.20000,19.15000,19.15000,200
84,2022-12-12,19.26000,19.26000,19.26000,19.26000,100
85,2022-12-08,19.10000,19.10000,19.02000,19.02000,300
86,2022-12-07,19.80000,20.00000,19.75000,19.75000,2600
87,2022-12-05,19.50000,19.50000,18.98000,18.98000,1400
88,2022-12-02,19.05000,19.05000,18.54000,19.00000,1100
89,2022-12-01,19.28000,19.72000,19.00000,19.65000,4300
90,2022-11-30,17.35000,19.12000,16.50000,19.00000,8800
91,2022-11-29,17.14000,17.35000,16.75000,17.35000,2700
92,2022-11-28,17.22000,17.22000,16.93000,17.05000,1600
93,2022-11-25,17.35000,17.40000,17.35000,17.35000,600
94,2022-11-23,17.25000,17.37100,17.25000,17.37100,800
95,2022-11-22,17.35000,17.35000,16.77000,16.98500,900
96,2022-11-21,17.02000,17.20000,16.62000,16.62000,3400
97,2022-11-18,16.50000,16.50000,16.50000,16.50000,300
98,2022-11-17,16.50000,16.50000,16.50000,16.50000,500
99,2022-11-16,16.74000,16.80000,16.30000,16.74000,1300
100,2022-11-15,16.75000,18.37000,16.70000,17.22000,1400
101,2022-11-14,16.45000,16.45000,16.02000,16.42600,2400
102,2022-11-11,16.35000,16.35000,16.20000,16.26000,900
103,2022-11-10,16.80000,16.80000,15.91000,16.30000,5400
104,2022-11-09,16.80000,16.89000,16.43000,16.43000,33
105,2022-11-08,16.80000,18.56000,15.86000,16.43000,4700
106,2022-11-07,17.00000,17.25000,16.75000,16.92000,2400
107,2022-11-04,16.44000,16.98000,16.44000,16.92000,1600
108,2022-11-03,16.85000,16.85000,15.35000,16.02000,1600
109,2022-11-02,17.31000,18.78000,16.76000,16.76000,4500
110,2022-11-01,18.15000,18.91000,17.28000,17.28000,2300
111,2022-10-31,17.50000,18.99000,17.05000,17.25000,4500
112,2022-10-28,17.48000,19.19000,16.83000,17.05000,4700
113,2022-10-27,16.66000,17.00000,16.50000,16.75000,900
114,2022-10-26,17.00000,17.00000,17.00000,17.00000,500
115,2022-10-25,17.75000,17.75000,17.40000,17.40000,400
116,2022-10-24,18.00000,19.59000,16.90000,17.60000,3200
117,2022-10-21,18.72000,19.60000,17.60000,17.90000,1700
118,2022-10-20,17.86000,19.65000,16.55000,18.00000,9200
119,2022-10-19,18.17000,19.50000,17.83000,17.90000,7100
120,2022-10-18,18.53000,19.40000,17.86000,17.99000,10500
121,2022-10-17,18.19000,19.40000,17.78000,17.81000,5000
122,2022-10-14,18.40000,19.50000,17.12000,17.61500,7900
123,2022-10-13,17.01000,19.30000,15.59800,17.82000,16500
124,2022-10-12,18.10000,18.92000,16.50000,17.45000,5400
125,2022-10-11,17.30000,19.50000,16.20000,17.05800,20600
126,2022-10-10,18.45000,18.45000,16.60000,16.94000,2200
127,2022-10-07,18.20000,18.30000,17.83000,18.30000,2300
128,2022-10-06,19.71670,19.71670,18.10000,19.71670,68
129,2022-10-05,19.71700,19.71700,19.71700,19.71700,100
130,2022-10-04,19.10000,20.89000,19.10000,19.50000,2100
131,2022-09-30,18.76000,18.76000,18.76000,18.76000,0
132,2022-09-29,19.11000,19.11000,19.10000,19.10000,800
133,2022-09-27,20.00000,20.00000,19.29700,19.29700,1200
134,2022-09-26,21.02000,21.02000,19.19800,20.00000,4700
135,2022-09-23,19.95000,20.40000,19.15000,19.55000,3100
136,2022-09-22,20.00000,20.07000,20.00000,20.07000,500
137,2022-09-21,20.98000,21.00000,20.60000,20.60000,1300
138,2022-09-20,20.65000,22.75000,20.65000,20.88000,14900
139,2022-09-19,21.49000,21.49000,20.76000,20.76000,1800
140,2022-09-16,21.80000,21.80000,21.50000,21.50000,500
141,2022-09-15,23.30000,23.30000,20.40000,21.98000,18400
142,2022-09-14,20.70000,22.42000,20.70000,22.36000,13800
143,2022-09-13,19.99000,20.75000,19.09500,20.72000,19100
144,2022-09-12,16.80000,19.99000,16.79000,19.99000,5800
145,2022-09-09,15.80000,16.00000,15.80000,16.00000,1100
146,2022-09-08,15.81000,15.81000,15.81000,15.81000,200
147,2022-09-07,15.35000,15.85000,15.35000,15.85000,600
148,2022-09-06,16.01000,16.01000,16.01000,16.01000,0
149,2022-09-02,15.77000,16.72600,15.50000,16.46000,1100
150,2022-08-31,15.90500,15.90500,15.40000,15.40000,600
151,2022-08-30,16.78000,16.78000,15.85000,15.85000,400
152,2022-08-29,16.25000,16.80000,16.25000,16.40000,1700
153,2022-08-26,16.00000,16.25000,16.00000,16.25000,800
154,2022-08-25,16.71900,16.71900,15.51000,15.51000,900
155,2022-08-24,16.54000,16.54000,16.50000,16.51100,1300
156,2022-08-23,16.75000,16.75000,16.75000,16.75000,1100
157,2022-08-22,17.05000,17.05000,17.05000,17.05000,400
158,2022-08-19,17.05000,17.07000,17.05000,17.05000,1100
159,2022-08-18,16.76000,17.25000,16.65000,16.95000,2800
160,2022-08-17,16.23000,16.23000,16.23000,16.23000,300
161,2022-08-16,16.51000,16.65100,15.54000,16.27200,7900
162,2022-08-15,16.70000,17.30000,16.26500,17.30000,5000
163,2022-08-12,16.75000,16.97500,16.75000,16.95000,500
164,2022-08-11,15.91000,16.90000,15.91000,16.40000,1400
165,2022-08-10,17.00000,17.30000,15.50000,15.90000,2800
166,2022-08-09,17.30000,17.30000,16.81000,16.81000,900
167,2022-08-08,17.20000,17.60000,17.20000,17.40000,4300
168,2022-08-05,16.81000,16.95000,16.81000,16.95000,300
169,2022-08-04,18.07500,18.07500,16.55000,16.62500,4900
170,2022-08-03,17.39000,18.25000,17.35000,18.25000,3300
171,2022-08-02,17.23400,17.23400,17.20000,17.20000,1200
172,2022-08-01,16.69000,16.70000,16.69000,16.70000,600
173,2022-07-29,17.06000,17.06000,17.06000,17.06000,100
174,2022-07-28,16.67000,17.20000,16.67000,17.20000,2700
175,2022-07-27,17.01000,17.17000,17.00000,17.17000,1000
176,2022-07-25,17.46000,17.46000,17.46000,17.46000,300
177,2022-07-22,17.31000,17.32000,17.00000,17.00000,5000
178,2022-07-21,18.00000,18.00000,17.01000,17.20000,600
179,2022-07-20,18.00000,18.55000,17.97500,18.00000,4100
180,2022-07-19,17.61600,17.98000,17.61600,17.98000,600
181,2022-07-18,17.45000,18.64000,17.45000,18.55000,2800
182,2022-07-15,17.18700,17.19100,17.05000,17.05000,600
183,2022-07-14,17.75000,17.75000,17.25000,17.45000,6100
184,2022-07-13,17.43000,17.90000,17.40000,17.45000,10400
185,2022-07-12,17.00000,17.75000,17.00000,17.35000,2700
186,2022-07-11,17.50500,17.50500,17.50500,17.50500,300
187,2022-07-08,15.50000,17.17000,15.50000,17.17000,2700
188,2022-07-07,15.14000,15.63000,15.14000,15.47000,1600
189,2022-07-06,15.03600,15.08000,15.00000,15.08000,1300
190,2022-07-05,15.35000,15.35000,14.00000,14.19500,2300
191,2022-07-01,15.31000,15.45700,15.31000,15.45700,600
192,2022-06-30,16.00000,16.01000,16.00000,16.01000,300
193,2022-06-29,16.01000,16.01000,16.01000,16.01000,0
194,2022-06-28,16.03000,16.13500,16.01000,16.01000,900
195,2022-06-27,16.25000,16.25000,16.25000,16.25000,0
196,2022-06-24,16.13000,16.26000,16.13000,16.25000,1300
197,2022-06-23,16.00000,16.00000,16.00000,16.00000,500
198,2022-06-22,17.63000,17.63000,16.50000,16.50000,4700
199,2022-06-21,17.56200,17.56200,17.25000,17.25000,1300
200,2022-06-17,17.34000,17.34000,17.34000,17.34000,0
201,2022-06-16,17.60000,17.60000,17.25000,17.34000,4100
202,2022-06-15,18.04000,18.04000,17.50000,17.75000,2200
203,2022-06-14,17.75000,17.75000,17.75000,17.75000,0
204,2022-06-13,17.77800,17.77800,17.75000,17.75000,900
205,2022-06-10,17.51000,18.01000,17.51000,18.00000,5100
206,2022-06-09,19.50000,19.50000,19.50000,19.50000,200
207,2022-06-08,19.25000,19.25000,19.25000,19.25000,0
208,2022-06-07,19.25000,19.25000,19.25000,19.25000,0
209,2022-06-06,19.25000,19.25000,19.25000,19.25000,0
210,2022-06-03,19.25000,19.25000,19.25000,19.25000,200
211,2022-06-02,19.09000,19.09000,19.09000,19.09000,0
212,2022-06-01,19.12000,19.77500,19.07000,19.09000,700
213,2022-05-31,19.04200,19.15000,19.04200,19.15000,700
214,2022-05-27,20.90000,20.90000,20.30000,20.30000,1100
215,2022-05-26,20.91000,20.91000,20.91000,20.91000,200
216,2022-05-25,19.00000,19.00000,19.00000,19.00000,600
217,2022-05-24,19.75000,19.75000,19.00000,19.00000,1200
218,2022-05-23,19.69000,19.74000,19.69000,19.74000,800
219,2022-05-20,19.39500,19.39500,19.39500,19.39500,0
220,2022-05-19,19.39500,19.39500,19.39500,19.39500,500
221,2022-05-18,19.14000,19.14000,19.14000,19.14000,0
222,2022-05-17,19.14000,19.14000,19.14000,19.14000,300
223,2022-05-16,19.74000,19.74000,19.67000,19.67000,700
224,2022-05-13,19.73900,19.73900,19.73900,19.73900,400
225,2022-05-12,19.02000,19.05000,19.02000,19.05000,400
226,2022-05-11,20.50000,20.60000,20.50000,20.60000,500
227,2022-05-10,20.60000,20.60200,20.60000,20.60200,300
228,2022-05-09,20.75000,20.75000,20.50000,20.50000,1500
229,2022-05-06,20.98000,20.98000,20.95900,20.95900,800
230,2022-05-05,20.51000,20.96000,20.51000,20.96000,600
231,2022-05-04,20.55000,20.55000,20.55000,20.55000,0
232,2022-05-03,20.54000,21.01000,20.51000,20.55000,1400
233,2022-05-02,21.02000,21.06000,21.02000,21.06000,500
234,2022-04-29,21.07700,21.07700,21.07700,21.07700,0
235,2022-04-28,21.50000,21.50000,21.07700,21.07700,500
236,2022-04-27,21.12100,21.12100,21.12100,21.12100,200
237,2022-04-26,21.21000,21.21000,21.21000,21.21000,0
238,2022-04-25,21.21000,21.21000,21.21000,21.21000,200
239,2022-04-22,21.10000,21.50000,21.10000,21.50000,800
240,2022-04-21,21.08000,21.08000,21.08000,21.08000,300
241,2022-04-20,21.84000,21.84900,21.48500,21.48500,700
242,2022-04-19,21.85000,21.85000,21.77000,21.77000,300
243,2022-04-18,21.02000,21.02000,21.02000,21.02000,300
244,2022-04-14,22.15400,22.15400,22.15400,22.15400,0
245,2022-04-13,22.15400,22.15400,22.15400,22.15400,200
246,2022-04-12,21.07000,21.07000,21.03000,21.03000,900
247,2022-04-11,21.44900,21.44900,21.44900,21.44900,100
248,2022-04-08,21.99000,21.99000,21.99000,21.99000,600
249,2022-04-07,21.55000,21.75000,21.01000,21.07000,2300
250,2022-04-06,21.98200,21.98200,21.98200,21.98200,0
251,2022-04-05,20.51000,22.00000,20.51000,21.98200,4400
252,2022-04-04,21.10000,21.42000,20.72000,21.42000,1100
253,2022-04-01,21.33800,21.33800,21.33800,21.33800,0
254,2022-03-31,21.33800,21.33800,21.33800,21.33800,200
255,2022-03-30,21.11000,21.57000,20.00000,21.57000,1300
256,2022-03-29,22.25000,22.25000,22.25000,22.25000,1000
257,2022-03-28,22.67000,22.67000,22.25000,22.25000,300
258,2022-03-25,22.74000,22.74000,22.65900,22.66000,1000
259,2022-03-24,22.25000,22.25000,22.25000,22.25000,0
260,2022-03-23,22.25000,22.25000,22.25000,22.25000,0
261,2022-03-22,21.00000,22.75000,21.00000,22.25000,4700
262,2022-03-21,20.40000,20.90000,20.25000,20.87000,4400
263,2022-03-18,20.15000,20.80000,19.60000,20.80000,1900
264,2022-03-17,20.15000,21.45800,20.15000,21.34000,700
265,2022-03-16,20.47000,21.00000,20.01000,21.00000,2400
266,2022-03-15,20.60000,22.00000,20.60000,21.66000,1000
267,2022-03-14,20.06000,20.06000,20.06000,20.06000,0
268,2022-03-11,20.64000,20.64000,19.50000,20.06000,7100
269,2022-03-10,21.50000,21.50000,21.50000,21.50000,0
270,2022-03-09,21.93700,21.93700,21.50000,21.50000,600
271,2022-03-08,22.50000,22.50000,21.50000,21.50000,3600
272,2022-03-07,22.40000,22.40000,22.40000,22.40000,100
273,2022-03-04,22.48000,22.48000,22.37000,22.37000,300
274,2022-03-03,22.51000,22.62500,22.51000,22.62500,500
275,2022-03-02,22.68500,22.68500,22.68500,22.68500,100
276,2022-03-01,22.79200,22.79200,22.79200,22.79200,200
277,2022-02-28,22.80000,23.25000,22.75000,22.75000,2500
278,2022-02-25,22.75000,23.25000,22.75000,22.92500,700
279,2022-02-24,22.80000,22.82000,22.80000,22.82000,300
280,2022-02-23,22.31100,22.82000,22.31100,22.82000,2400
281,2022-02-22,22.81000,23.01000,21.99000,22.03000,6300
282,2022-02-18,22.44000,22.44000,22.44000,22.44000,800
283,2022-02-17,20.95000,22.44000,20.95000,22.44000,7800
284,2022-02-16,20.60000,20.88000,20.59000,20.85000,2500
285,2022-02-15,20.19400,20.28000,20.06000,20.28000,1800
286,2022-02-14,19.99000,20.18000,19.60900,20.04500,4300
287,2022-02-11,20.04000,20.24000,20.00000,20.00000,3700
288,2022-02-10,19.20000,20.14000,19.20000,19.89000,5600
289,2022-02-09,18.75000,19.50000,18.75000,19.50000,5500
290,2022-02-08,19.05000,19.05300,18.50000,18.74000,10700
291,2022-02-07,19.03000,19.50300,19.03000,19.37000,2700
292,2022-02-04,19.94000,19.94000,19.00000,19.49000,10900
293,2022-02-03,20.60000,20.60000,19.09700,19.90000,12200
294,2022-02-02,21.04000,21.70000,20.51000,20.70000,6500
295,2022-02-01,21.00000,21.18000,20.50000,21.00000,14400
296,2022-01-31,22.20000,22.20000,21.24100,21.25000,8000
297,2022-01-28,22.50000,22.50000,22.00000,22.28400,3600
298,2022-01-27,23.08000,23.08000,22.68000,22.68000,3000
299,2022-01-26,23.00000,23.00000,23.00000,23.00000,1700
300,2022-01-25,23.50900,23.60000,23.35000,23.35000,1100
301,2022-01-24,22.99000,22.99000,22.00000,22.75000,5100
302,2022-01-21,23.09000,23.11000,22.00000,22.75000,9000
303,2022-01-20,23.78200,23.81000,23.70000,23.75000,2500
304,2022-01-19,23.85000,23.88000,23.70000,23.84000,4000
305,2022-01-18,23.94000,23.94000,23.80000,23.90000,2800
306,2022-01-14,24.25000,24.25000,23.67000,24.19300,18500
307,2022-01-13,24.52500,24.60000,24.50000,24.60000,4100
308,2022-01-12,24.63000,24.63000,24.62000,24.63000,500
309,2022-01-11,24.65100,24.94100,24.50000,24.68000,8100
310,2022-01-10,24.68000,24.70000,24.68000,24.70000,1500
311,2022-01-07,24.84300,24.87000,24.75000,24.75000,2000
312,2022-01-06,24.83500,24.83500,24.52000,24.72000,3500
313,2022-01-05,24.97000,24.97000,24.79900,24.97000,1100
314,2022-01-04,24.95000,24.99000,24.90000,24.99000,1800
315,2022-01-03,24.89000,24.99000,24.82000,24.97000,6800
316,2021-12-31,24.85900,24.99000,24.40000,24.40000,1100
317,2021-12-30,24.94000,24.94000,24.62000,24.70100,2500
318,2021-12-29,24.31000,24.72000,24.31000,24.57000,16300
319,2021-12-28,24.54000,24.54000,24.31000,24.31000,1600
320,2021-12-27,24.22000,24.54000,24.16000,24.35000,2400
321,2021-12-23,24.10000,24.60000,24.10000,24.59300,7300
322,2021-12-22,24.30000,24.30000,24.10000,24.11000,3400
323,2021-12-21,24.40000,24.40000,24.35000,24.35000,400
324,2021-12-20,24.43000,24.43000,24.40000,24.40000,1700
325,2021-12-17,24.37000,24.68500,24.37000,24.68500,500
326,2021-12-16,24.80000,24.80000,24.40000,24.50000,4400
327,2021-12-15,24.85000,24.85000,24.31200,24.78000,3800
328,2021-12-14,24.97000,24.97000,24.37600,24.50000,1000
329,2021-12-13,24.25300,24.71000,24.25300,24.48000,2900
330,2021-12-10,24.50000,24.64800,24.50000,24.57000,2400
331,2021-12-09,24.50000,25.12900,24.45000,24.50500,7500
332,2021-12-08,24.99000,24.99000,24.64000,24.65000,12300
333,2021-12-07,25.00000,25.00000,24.90000,25.00000,6700
334,2021-12-06,25.00000,25.00000,24.96500,24.99000,5700
335,2021-12-03,25.10000,25.25000,24.95000,24.95000,4100
336,2021-12-02,24.90000,24.90000,24.90000,24.90000,300
337,2021-12-01,25.12000,25.12000,25.12000,25.12000,300
338,2021-11-30,25.21500,25.25500,25.05000,25.25500,600
339,2021-11-29,25.15000,25.37000,25.15000,25.37000,800
340,2021-11-26,25.14000,25.14000,25.14000,25.14000,500
341,2021-11-24,25.14000,25.17400,25.11000,25.17400,1200
342,2021-11-23,25.06000,25.29000,25.06000,25.11000,2700
343,2021-11-22,25.20000,25.35000,25.10000,25.20000,3500
344,2021-11-19,25.36000,25.36000,25.36000,25.36000,0
345,2021-11-18,25.36000,25.36000,25.36000,25.36000,300
346,2021-11-17,25.25200,25.41000,25.06000,25.41000,1500
347,2021-11-16,25.31000,25.31000,25.31000,25.31000,2200
348,2021-11-15,25.18000,25.25500,25.15000,25.21000,3700
349,2021-11-12,25.09500,25.09500,25.09500,25.09500,200
350,2021-11-11,25.06000,25.06000,25.06000,25.06000,600
351,2021-11-10,25.09000,25.39600,25.01000,25.39600,3000
352,2021-11-09,25.15000,25.15000,25.15000,25.15000,0
353,2021-11-08,25.15000,25.15000,25.15000,25.15000,0
354,2021-11-05,25.03000,25.15000,25.03000,25.15000,300
355,2021-11-04,25.17000,25.17000,25.17000,25.17000,400
356,2021-11-03,25.08400,25.38100,25.08400,25.38100,700
357,2021-11-02,25.00000,25.17500,25.00000,25.14000,1400
358,2021-11-01,25.06000,25.06000,25.03000,25.06000,800
359,2021-10-29,25.15000,25.15000,25.12500,25.12500,400
360,2021-10-28,25.15000,25.15000,25.15000,25.15000,500
361,2021-10-27,25.18000,25.20000,25.10500,25.20000,400
362,2021-10-26,25.25000,25.25000,24.85000,24.96000,1900
363,2021-10-25,25.35000,25.35500,25.31300,25.35500,400
364,2021-10-22,25.30000,25.30000,25.30000,25.30000,100
365,2021-10-21,25.48000,25.48000,25.47000,25.47000,300
366,2021-10-20,25.48000,25.48000,25.48000,25.48000,700
367,2021-10-19,25.22000,25.22000,25.22000,25.22000,500
368,2021-10-18,25.19500,25.24000,25.19500,25.23700,500
369,2021-10-15,25.05500,25.09000,25.05500,25.09000,1800
370,2021-10-14,25.24000,25.24000,25.24000,25.24000,0
371,2021-10-13,25.24000,25.24000,25.24000,25.24000,100
372,2021-10-12,25.04000,25.04000,25.04000,25.04000,300
373,2021-10-11,25.09000,25.09000,25.09000,25.09000,0
374,2021-10-08,24.95000,25.12000,24.95000,25.09000,1100
375,2021-10-07,24.82000,25.02400,24.80000,25.02000,3300
376,2021-10-06,25.04000,25.05000,24.96200,25.00000,1300
377,2021-10-05,25.04000,25.05000,24.97500,25.00000,2900
378,2021-10-04,24.88000,25.03000,24.83000,24.95800,3000
379,2021-10-01,25.05000,25.09000,24.80000,24.98300,5700
380,2021-09-30,25.01000,25.09000,25.00000,25.09000,1700
381,2021-09-29,25.09000,25.09000,25.00000,25.00000,1400
382,2021-09-28,25.00000,25.09000,25.00000,25.09000,1700
383,2021-09-27,25.05000,25.05000,25.05000,25.05000,0
384,2021-09-24,25.05000,25.05000,25.02500,25.05000,800
385,2021-09-23,25.00000,25.10000,25.00000,25.10000,1900
386,2021-09-22,25.00000,25.10000,24.60000,25.00000,5800
387,2021-09-21,25.10000,25.10000,25.00000,25.05500,1500
388,2021-09-20,25.03500,25.03500,24.97500,24.97500,2700
389,2021-09-17,24.98800,25.10000,24.98800,25.07000,1100
390,2021-09-16,24.93000,25.10000,24.85000,25.10000,10700
391,2021-09-15,25.47000,25.47000,24.72800,24.75000,20100
392,2021-09-14,25.19200,25.30000,25.16000,25.18000,3400
393,2021-09-13,25.16000,25.16000,25.12500,25.15000,600
394,2021-09-10,25.20000,25.20000,25.20000,25.20000,400
395,2021-09-09,25.14000,25.20000,25.14000,25.20000,500
396,2021-09-08,25.18000,25.19000,25.03000,25.11700,5400
397,2021-09-07,25.09000,25.09000,25.00000,25.00000,2800
398,2021-09-03,25.15000,25.15000,25.01000,25.01000,1200
399,2021-09-02,25.09000,25.09000,25.09000,25.09000,0
400,2021-09-01,25.20400,25.20400,25.09000,25.09000,1900
401,2021-08-31,25.18000,25.18400,25.07000,25.18400,1200
402,2021-08-30,25.35000,25.40000,25.31000,25.40000,1400
403,2021-08-27,25.31500,25.31500,25.31500,25.31500,1000
404,2021-08-26,25.22000,25.28600,25.20000,25.28600,700
405,2021-08-25,25.38800,25.38800,25.20000,25.20000,700
406,2021-08-24,25.10000,25.10000,25.10000,25.10000,0
407,2021-08-23,25.23000,25.32700,25.01000,25.10000,2800
408,2021-08-20,25.20000,25.25200,24.94000,25.25200,7200
409,2021-08-19,25.46000,25.46000,25.22000,25.22000,2000
410,2021-08-18,25.45000,25.46000,25.45000,25.46000,600
411,2021-08-17,25.30000,25.30000,25.26800,25.26800,500
412,2021-08-16,25.30000,25.46800,25.28200,25.43000,5500
413,2021-08-13,25.25000,25.25000,25.17500,25.20000,2800
414,2021-08-12,25.15000,25.22500,25.15000,25.22500,500
415,2021-08-11,25.19000,25.30000,25.18900,25.25100,5200
416,2021-08-10,25.22000,25.22000,25.18000,25.18000,700
417,2021-08-09,25.17000,25.25000,25.17000,25.22000,6000
418,2021-08-06,25.11000,25.11000,25.04000,25.04000,1000
419,2021-08-05,25.11000,25.11000,25.11000,25.11000,700
420,2021-08-04,25.17000,25.18000,25.10000,25.18000,1600
421,2021-08-03,25.15000,25.18000,25.15000,25.18000,3700
422,2021-08-02,25.02000,25.16000,25.02000,25.15000,600
423,2021-07-30,25.30000,25.30000,25.10000,25.15000,2700
424,2021-07-29,25.27500,25.29300,25.13200,25.13200,3800
425,2021-07-28,25.15000,25.15000,25.15000,25.15000,0
426,2021-07-27,25.30000,25.30000,25.15000,25.15000,2000
427,2021-07-26,25.11000,25.30000,24.95000,25.20000,2800
428,2021-07-23,25.11000,25.22500,25.10000,25.22500,3300
429,2021-07-22,25.00000,25.48800,24.95000,25.34000,7300
430,2021-07-21,25.00000,25.00000,24.94500,24.95000,2800
431,2021-07-20,24.92900,25.00000,24.89500,25.00000,3300
432,2021-07-19,25.00000,25.19000,25.00000,25.00000,6000
433,2021-07-16,25.17500,25.20500,25.00000,25.00000,2400
434,2021-07-15,25.15000,25.25500,25.12000,25.25500,2300
435,2021-07-14,25.09000,25.09300,25.04000,25.09300,2500
436,2021-07-13,25.11000,25.11000,24.94000,24.94000,1700
437,2021-07-12,25.05000,25.15000,25.05000,25.09000,3200
438,2021-07-09,24.97500,25.10000,24.95000,25.09000,2300
439,2021-07-08,25.09000,25.11500,24.80000,24.85000,6900
440,2021-07-07,24.98000,25.09000,24.83400,24.90000,4000
441,2021-07-06,25.12000,25.14100,24.95100,24.98000,4800
442,2021-07-02,25.00000,25.12400,24.83000,25.12400,7400
443,2021-07-01,25.09800,25.09800,24.92000,25.00000,3000
444,2021-06-30,24.95000,25.09000,24.88600,24.88600,2900
445,2021-06-29,25.07900,25.21000,24.88000,24.88000,13000
446,2021-06-28,25.00000,25.00000,24.97100,25.00000,2000
447,2021-06-25,24.98000,25.10000,24.84000,24.98000,6000
448,2021-06-24,24.78500,25.00000,24.78500,24.81300,5200
449,2021-06-23,24.77200,24.85000,24.64000,24.81000,8200
450,2021-06-22,24.90000,24.90000,24.76000,24.80000,1600
451,2021-06-21,25.00000,25.00000,24.85500,24.85500,3200
452,2021-06-18,25.02500,25.10000,24.93000,25.09200,16900
453,2021-06-17,24.95000,25.09000,24.95000,25.00000,5900
454,2021-06-16,24.90000,25.00000,24.81000,25.00000,5300
455,2021-06-15,25.00000,25.00000,24.70000,24.75000,3600
456,2021-06-14,24.88000,24.94000,24.85000,24.90000,9900
457,2021-06-11,24.82000,24.88000,24.62100,24.87000,4200
458,2021-06-10,24.71000,24.86000,24.56300,24.86000,5800
459,2021-06-09,24.79000,24.79000,24.70000,24.70000,2100
460,2021-06-08,24.71000,24.82600,24.55000,24.81100,16600
461,2021-06-07,24.50000,25.04800,24.42000,25.00000,14000
462,2021-06-04,24.30000,24.45000,24.27500,24.43000,3400
463,2021-06-03,24.23000,24.35000,24.23000,24.35000,8100
464,2021-06-02,24.18000,24.30000,24.18000,24.25100,4200
465,2021-06-01,24.40000,24.40000,24.02000,24.32000,7700
466,2021-05-28,24.23000,24.45500,24.23000,24.40000,5800
467,2021-05-27,24.68000,24.79000,24.66500,24.77000,13000
468,2021-05-26,24.59000,24.70000,24.59000,24.69000,11800
469,2021-05-25,24.63000,24.64000,24.45000,24.58000,20000
470,2021-05-24,24.71000,24.84000,24.64000,24.65000,22900
471,2021-05-21,24.65000,24.79600,24.54000,24.62000,6300
472,2021-05-20,24.79000,24.80000,24.65000,24.65000,6700
473,2021-05-19,24.45000,24.70000,24.35000,24.52000,94600
474,2021-05-18,25.46000,25.46000,25.23000,25.31000,6000
475,2021-05-17,25.42000,25.52800,25.31500,25.50000,19700
476,2021-05-14,25.45000,25.50000,25.37000,25.44600,5000
477,2021-05-13,25.50000,25.50000,25.50000,25.50000,0
478,2021-05-12,25.49000,25.50000,25.48000,25.50000,1000
479,2021-05-11,25.25000,25.25000,25.20000,25.20000,1400
480,2021-05-10,25.51000,25.51000,25.25000,25.45000,6300
481,2021-05-07,25.50000,26.00000,25.47000,25.50000,7400
482,2021-05-06,25.50000,25.50600,25.50000,25.50600,2200
483,2021-05-05,25.40000,25.40000,25.40000,25.40000,400
484,2021-05-04,25.47000,25.47000,25.47000,25.47000,600
485,2021-05-03,25.77000,25.77000,25.30000,25.47000,3200
486,2021-04-30,25.65200,25.65200,25.43100,25.43100,700
487,2021-04-29,25.65000,25.65000,25.65000,25.65000,500
488,2021-04-28,25.20000,25.21000,25.19000,25.19000,1100
489,2021-04-27,25.30000,25.30000,25.20000,25.20000,2000
490,2021-04-26,25.50000,25.65000,25.42000,25.42000,900
491,2021-04-23,25.58000,25.58000,25.58000,25.58000,0
492,2021-04-22,25.59000,25.59000,25.58000,25.58000,1200
493,2021-04-21,25.62000,25.62000,25.62000,25.62000,500
494,2021-04-20,25.41000,25.41000,25.41000,25.41000,0
495,2021-04-19,25.41000,25.41000,25.41000,25.41000,0
496,2021-04-16,25.41000,25.41000,25.41000,25.41000,0
497,2021-04-15,25.41000,25.41000,25.41000,25.41000,400
498,2021-04-14,25.41000,25.41000,25.41000,25.41000,0
499,2021-04-13,25.35600,25.41000,25.35600,25.41000,2000
500,2021-04-12,25.37000,25.50000,25.21000,25.33600,500
501,2021-04-09,25.38900,25.38900,25.38900,25.38900,0
502,2021-04-08,25.38900,25.38900,25.38900,25.38900,100
503,2021-04-07,25.25000,25.25600,25.00000,25.19000,4200
504,2021-04-06,25.31000,25.36300,25.31000,25.36300,700
505,2021-04-05,25.36000,25.36000,25.36000,25.36000,200
506,2021-04-01,25.70500,25.70500,25.70500,25.70500,400
507,2021-03-31,26.00000,26.00000,26.00000,26.00000,1000
508,2021-03-30,25.50000,25.50000,25.50000,25.50000,0
509,2021-03-29,25.50000,25.50000,25.50000,25.50000,300
510,2021-03-26,25.60000,25.60000,25.60000,25.60000,0
511,2021-03-25,25.60000,25.60000,25.60000,25.60000,0
512,2021-03-24,25.50000,25.60000,25.15500,25.60000,6900
513,2021-03-23,25.58400,25.59000,25.25000,25.59000,1400
514,2021-03-22,25.46000,25.46000,25.46000,25.46000,0
515,2021-03-19,25.53000,25.57000,25.46000,25.46000,1100
516,2021-03-18,25.32500,25.32500,25.32500,25.32500,0
517,2021-03-17,25.28500,25.52000,25.00000,25.32500,2900
518,2021-03-16,24.96000,25.37000,24.64000,25.36400,6800
519,2021-03-15,24.62000,24.99000,24.62000,24.95000,5000
520,2021-03-12,24.74000,24.98500,24.74000,24.98500,1400
521,2021-03-11,24.66000,24.75000,24.10000,24.61200,8100
522,2021-03-10,25.02000,25.02000,25.02000,25.02000,200
523,2021-03-09,24.60500,25.04600,24.60500,25.04600,1000
524,2021-03-08,25.00000,25.05000,24.62000,24.63000,2700
525,2021-03-05,24.79500,24.90000,24.79500,24.90000,800
526,2021-03-04,24.52000,24.75000,24.52000,24.75000,800
527,2021-03-03,25.11000,25.11000,25.11000,25.11000,0
528,2021-03-02,25.11000,25.11000,25.11000,25.11000,200
529,2021-03-01,25.00000,25.13000,24.85000,24.85000,1300
530,2021-02-26,24.60000,25.12500,24.27500,25.12500,1000
531,2021-02-25,25.15000,25.15000,25.15000,25.15000,1100
532,2021-02-24,25.70000,25.70000,25.00000,25.00000,700
533,2021-02-23,25.09000,25.09000,25.09000,25.09000,200
534,2021-02-22,24.95000,24.95000,24.95000,24.95000,600
535,2021-02-19,24.96000,24.96000,24.96000,24.96000,0
536,2021-02-18,24.95000,25.00000,24.95000,24.96000,400
537,2021-02-17,25.00000,25.10000,24.35000,24.35000,3800
538,2021-02-16,24.91000,24.91000,24.80000,24.90000,2200
539,2021-02-12,24.89000,24.90000,24.89000,24.90000,2100
540,2021-02-11,24.76000,24.88000,24.47300,24.88000,500
541,2021-02-10,24.75000,24.90000,24.20000,24.20000,1500
542,2021-02-09,24.94000,24.94000,24.75000,24.75000,900
543,2021-02-08,24.90000,24.90000,24.82500,24.82500,700
544,2021-02-05,24.90000,24.90000,24.90000,24.90000,0
545,2021-02-04,24.00000,24.94000,24.00000,24.90000,2000
546,2021-02-03,24.59500,24.82100,24.59500,24.82100,900
547,2021-02-02,24.92000,24.94000,24.25000,24.57800,7100
548,2021-02-01,24.59500,24.59500,24.59500,24.59500,300
549,2021-01-29,24.20000,24.20000,24.20000,24.20000,0
550,2021-01-28,24.23800,24.23800,24.19000,24.20000,1500
551,2021-01-27,24.36000,24.36000,24.36000,24.36000,0
552,2021-01-26,24.36000,24.36000,24.36000,24.36000,0
553,2021-01-25,24.36000,24.36000,24.36000,24.36000,500
554,2021-01-22,24.05000,24.05000,24.05000,24.05000,200
555,2021-01-21,24.27000,24.27000,24.27000,24.27000,1100
556,2021-01-20,24.27000,24.27000,24.23000,24.23000,600
557,2021-01-19,24.26000,24.27000,24.00000,24.27000,1500
558,2021-01-15,23.92000,23.92000,23.76000,23.76000,300
559,2021-01-14,23.99500,23.99500,23.99000,23.99000,400
560,2021-01-13,23.99000,23.99000,23.87200,23.87200,1900
561,2021-01-12,24.15000,24.15000,24.15000,24.15000,0
562,2021-01-11,24.05000,24.25000,23.89500,24.15000,1600
563,2021-01-08,23.60000,23.62000,23.49000,23.49000,1900
564,2021-01-07,23.50000,24.00000,23.49100,23.50000,6700
565,2021-01-06,23.77000,23.77000,23.60400,23.76000,500
566,2021-01-05,23.50000,23.50000,23.50000,23.50000,0
567,2021-01-04,23.75000,23.75000,23.50000,23.50000,1400
568,2020-12-31,24.00000,24.00000,23.77000,23.77000,400
569,2020-12-30,23.52000,23.76000,23.50000,23.76000,3400
570,2020-12-29,23.62000,23.74000,23.50000,23.74000,2400
571,2020-12-28,24.39400,24.39400,24.39400,24.39400,0
572,2020-12-24,23.50000,24.39400,23.50000,24.39400,700
573,2020-12-23,23.75000,24.22000,23.75000,24.22000,4000
574,2020-12-22,23.50000,23.68000,23.45700,23.45700,4500
575,2020-12-21,23.46000,23.46000,23.46000,23.46000,300
576,2020-12-18,23.21600,23.36000,22.18000,23.35000,3900
577,2020-12-17,24.00000,24.00000,23.12500,23.12500,6900
578,2020-12-16,24.55000,24.72000,24.55000,24.72000,1600
579,2020-12-15,24.25000,24.49000,24.20000,24.49000,4300
580,2020-12-14,24.24000,24.24000,24.17000,24.17000,600
581,2020-12-11,24.18000,24.18000,23.75000,23.76000,2700
582,2020-12-10,24.25000,24.25000,24.18000,24.18000,1900
583,2020-12-09,24.20000,24.30000,24.08000,24.18100,3300
584,2020-12-08,24.00000,24.20000,24.00000,24.08300,1200
585,2020-12-07,23.99000,24.13500,23.72000,24.13500,900
586,2020-12-04,24.50000,24.50000,23.55000,23.59000,8100
587,2020-12-03,24.30000,24.30000,24.25000,24.25000,400
588,2020-12-02,24.77000,24.77000,24.60000,24.68800,3500
589,2020-12-01,24.50000,24.99000,24.50000,24.77000,2700
590,2020-11-30,24.96000,24.96000,24.96000,24.96000,1600
591,2020-11-27,25.00000,25.11000,24.85000,24.96500,3600
592,2020-11-25,25.00000,25.00000,24.43000,24.70000,900
593,2020-11-24,24.62000,25.00000,24.43000,24.43000,5500
594,2020-11-23,24.63000,24.63000,24.47800,24.47800,500
595,2020-11-20,23.74400,24.64000,23.74400,24.64000,4100
596,2020-11-19,23.97000,23.97000,23.32200,23.32200,400
597,2020-11-18,24.00000,24.00000,23.55400,23.98900,1900
598,2020-11-17,24.24000,24.24000,23.90000,24.00000,600
599,2020-11-16,23.60000,23.71000,23.60000,23.71000,3800
600,2020-11-13,23.54000,23.54000,23.54000,23.54000,0
601,2020-11-12,23.30000,23.56000,23.25000,23.54000,1700
602,2020-11-11,23.25000,23.29000,23.25000,23.25000,400
603,2020-11-10,23.42000,23.42000,23.24000,23.24000,500
604,2020-11-09,23.36000,23.36000,23.36000,23.36000,0
605,2020-11-06,23.12000,23.40000,23.12000,23.36000,1700
606,2020-11-05,23.07000,23.07000,23.04000,23.06000,1500
607,2020-11-04,23.47000,23.50000,23.47000,23.50000,900
608,2020-11-03,23.99000,24.02000,23.46000,23.46000,9100
609,2020-11-02,23.99000,23.99000,23.75000,23.76000,2900
610,2020-10-30,23.50000,23.50000,23.50000,23.50000,400
611,2020-10-29,23.44000,23.59000,23.44000,23.59000,300
612,2020-10-28,23.40700,23.40700,23.40700,23.40700,0
613,2020-10-27,23.40700,23.40700,23.40700,23.40700,500
614,2020-10-26,23.44000,23.46800,23.27000,23.27000,2700
615,2020-10-23,23.60000,23.60000,23.60000,23.60000,0
616,2020-10-22,23.33500,23.61000,23.33500,23.60000,1500
617,2020-10-21,23.63000,23.64000,23.32500,23.32500,800
618,2020-10-20,23.75000,23.92500,23.30000,23.30000,3400
619,2020-10-19,23.99000,23.99000,23.99000,23.99000,100
620,2020-10-16,24.00000,24.00000,24.00000,24.00000,600
621,2020-10-15,23.99000,24.00000,23.99000,24.00000,1600
622,2020-10-14,24.00000,24.00000,23.97000,24.00000,1300
623,2020-10-13,24.00000,24.00000,23.80000,23.80000,1900
624,2020-10-12,24.48000,24.48000,24.16000,24.16000,2600
625,2020-10-09,24.25000,24.25000,24.25000,24.25000,0
626,2020-10-08,24.25000,24.25000,24.25000,24.25000,0
627,2020-10-07,24.25000,24.25000,24.25000,24.25000,200
628,2020-10-06,24.16000,24.16000,24.16000,24.16000,200
629,2020-10-05,24.52000,24.52000,24.50000,24.50000,500
630,2020-10-02,24.69000,24.69000,24.69000,24.69000,0
631,2020-10-01,24.69000,24.69000,24.69000,24.69000,0
632,2020-09-30,25.00000,25.00000,24.69000,24.69000,1200
633,2020-09-29,24.77000,24.77000,24.77000,24.77000,200
634,2020-09-28,24.75000,24.75000,24.75000,24.75000,0
635,2020-09-25,24.75000,24.75000,24.75000,24.75000,0
636,2020-09-24,24.75000,24.75000,24.75000,24.75000,500
637,2020-09-23,24.46000,24.64500,24.35000,24.50000,2500
638,2020-09-22,24.94000,24.94000,24.94000,24.94000,0
639,2020-09-21,24.99000,25.00000,24.94000,24.94000,800
640,2020-09-18,25.00000,25.00000,25.00000,25.00000,400
641,2020-09-17,24.90000,24.90000,24.44000,24.89000,1400
642,2020-09-16,25.09000,25.09000,25.09000,25.09000,500
643,2020-09-15,25.14000,25.14000,25.08100,25.08100,800
644,2020-09-14,24.74000,24.84000,24.35000,24.74000,2000
645,2020-09-11,24.35000,24.37000,24.35000,24.37000,1100
646,2020-09-10,24.63300,24.63300,24.28100,24.40000,6400
647,2020-09-09,24.35000,24.68000,24.35000,24.49200,600
648,2020-09-08,23.71000,24.23000,23.64000,24.23000,900
649,2020-09-04,24.95100,24.95100,24.95100,24.95100,0
650,2020-09-03,24.97000,24.97500,24.95000,24.95100,1200
651,2020-09-02,24.99000,24.99000,24.99000,24.99000,500
652,2020-09-01,24.99000,24.99000,24.99000,24.99000,400
653,2020-08-31,25.50000,25.50000,25.00000,25.00000,1700
654,2020-08-28,24.75000,24.87000,24.75000,24.87000,400
655,2020-08-27,25.00000,25.00000,24.29900,24.29900,400
656,2020-08-26,24.70000,24.70000,24.70000,24.70000,400
657,2020-08-25,24.30000,25.45000,24.30000,25.45000,700
658,2020-08-24,25.41000,25.41000,25.41000,25.41000,100
659,2020-08-21,25.40000,25.44000,25.40000,25.44000,300
660,2020-08-20,25.10000,25.10000,25.00000,25.00000,1400
661,2020-08-19,25.35000,25.35000,25.10000,25.10000,3400
662,2020-08-18,25.35000,25.35000,25.33800,25.33800,700
663,2020-08-17,25.22500,25.35000,25.00000,25.00000,1300
664,2020-08-14,25.43000,25.43000,25.03000,25.03000,300
665,2020-08-13,25.00000,25.00000,25.00000,25.00000,600
666,2020-08-12,24.96000,24.98000,24.96000,24.98000,500
667,2020-08-11,24.96000,24.96000,24.96000,24.96000,100
668,2020-08-10,24.34500,24.34500,23.60000,24.19800,2800
669,2020-08-07,23.68000,23.68000,23.68000,23.68000,0
670,2020-08-06,23.68000,23.68000,23.68000,23.68000,0
671,2020-08-05,24.20000,24.20000,23.68000,23.68000,500
672,2020-08-04,24.15000,24.15000,23.75000,24.07000,1100
673,2020-08-03,24.25000,24.99000,24.00000,24.00000,1700
674,2020-07-31,24.39100,24.39100,24.39100,24.39100,300
675,2020-07-30,24.89000,24.89000,24.85000,24.89000,1000
676,2020-07-29,24.89000,24.89000,24.89000,24.89000,300
677,2020-07-28,24.40000,24.89000,24.40000,24.89000,1400
678,2020-07-27,22.51000,24.33400,22.31000,24.33400,5300
679,2020-07-24,25.00000,25.00000,24.90000,24.90000,400
680,2020-07-23,24.90000,24.90000,24.90000,24.90000,0
681,2020-07-22,24.96000,24.96000,24.90000,24.90000,1100
682,2020-07-21,24.70000,24.70000,24.70000,24.70000,3000
683,2020-07-20,24.57200,24.57200,24.57200,24.57200,0
684,2020-07-17,24.38000,24.57200,24.38000,24.57200,1000
685,2020-07-16,24.62000,24.62000,24.35000,24.37500,1600
686,2020-07-15,24.62000,24.62000,24.35000,24.35000,300
687,2020-07-14,24.86300,24.86300,24.86300,24.86300,0
688,2020-07-13,24.89000,24.89000,24.75000,24.86300,2500
689,2020-07-10,24.90000,24.99000,24.86800,24.87000,1100
690,2020-07-09,25.30000,25.44000,24.75000,25.25000,3400
691,2020-07-08,25.00000,25.00000,25.00000,25.00000,400
692,2020-07-07,24.96000,24.96000,24.96000,24.96000,100
693,2020-07-06,25.01000,25.02000,25.00000,25.02000,800
694,2020-07-02,25.24000,25.25000,25.12500,25.24800,8200
695,2020-07-01,25.30000,25.30000,25.30000,25.30000,0
696,2020-06-30,25.30000,25.30000,25.30000,25.30000,0
697,2020-06-29,25.30000,25.30000,25.30000,25.30000,0
698,2020-06-26,25.30000,25.30000,25.30000,25.30000,0
699,2020-06-25,25.30000,25.30000,25.30000,25.30000,0
700,2020-06-24,25.30000,25.30000,25.30000,25.30000,1800
701,2020-06-23,25.49000,25.49000,25.49000,25.49000,0
702,2020-06-22,25.50000,25.55000,25.30000,25.49000,1100
703,2020-06-19,25.11000,25.30000,25.11000,25.30000,600
704,2020-06-18,25.05000,25.10200,25.05000,25.10200,600
705,2020-06-17,25.40000,25.40000,24.83900,25.40000,900
706,2020-06-16,25.39000,25.39000,25.39000,25.39000,200
707,2020-06-15,25.25000,25.50000,24.00000,25.42000,800
708,2020-06-12,24.00000,24.00000,24.00000,24.00000,0
709,2020-06-11,23.06000,24.00000,23.04000,24.00000,1300
710,2020-06-10,24.50000,25.00000,22.91000,25.00000,13300
711,2020-06-09,25.00000,25.15000,25.00000,25.10100,9600
712,2020-06-08,24.81000,25.00000,24.81000,24.99300,700
713,2020-06-05,24.62500,24.62500,24.62500,24.62500,0
714,2020-06-04,24.62500,24.62500,24.62500,24.62500,200
715,2020-06-03,25.77200,25.77200,24.29500,24.29500,1000
716,2020-06-02,24.84000,24.85000,23.86300,24.25000,3300
717,2020-06-01,23.65200,23.65200,23.65200,23.65200,200
718,2020-05-29,24.31000,24.31000,24.31000,24.31000,0
719,2020-05-28,24.31000,24.31000,24.31000,24.31000,200
720,2020-05-27,23.80000,23.80000,23.80000,23.80000,0
721,2020-05-26,23.85000,23.85000,23.80000,23.80000,1400
722,2020-05-22,24.00000,26.12000,22.75000,24.02000,2500
723,2020-05-21,24.00000,24.00000,23.95300,23.95300,700
724,2020-05-20,24.00000,24.00000,24.00000,24.00000,0
725,2020-05-19,24.00000,24.00000,24.00000,24.00000,1100
726,2020-05-18,24.00000,24.00000,24.00000,24.00000,2500
727,2020-05-15,23.90000,23.90000,23.90000,23.90000,0
728,2020-05-14,24.00000,24.00000,23.75000,23.90000,1100
729,2020-05-13,24.00000,24.00000,23.82700,23.83500,2400
730,2020-05-12,23.99000,24.00000,23.85500,23.85500,17800
731,2020-05-11,23.00000,24.00000,23.00000,24.00000,5000
732,2020-05-08,23.00000,23.32000,22.96300,23.00000,2100
733,2020-05-07,22.97000,22.97000,22.97000,22.97000,200
734,2020-05-06,23.25000,23.25000,23.25000,23.25000,0
735,2020-05-05,23.64000,23.64000,22.75000,23.25000,2000
736,2020-05-04,22.25000,22.25000,22.25000,22.25000,0
737,2020-05-01,22.25000,22.25000,22.25000,22.25000,0
738,2020-04-30,22.25000,22.25000,22.25000,22.25000,200
739,2020-04-29,22.50000,22.50000,22.26000,22.26000,2700
740,2020-04-28,22.50000,22.50000,22.07000,22.07000,1100
741,2020-04-27,22.49600,22.49600,22.44100,22.44100,600
742,2020-04-24,23.18400,23.18400,21.25000,21.25000,800
743,2020-04-23,22.45000,22.65000,22.10000,22.65000,2900
744,2020-04-22,22.00000,22.25000,21.99300,22.25000,2100
745,2020-04-21,22.12100,22.12100,22.12100,22.12100,0
746,2020-04-20,22.00000,22.12100,21.95000,22.12100,900
747,2020-04-17,21.50000,21.86000,21.50000,21.86000,1600
748,2020-04-16,21.62000,22.25000,17.60000,20.84000,41200
749,2020-04-15,21.70000,21.70000,21.70000,21.70000,100
750,2020-04-14,22.51000,22.51000,21.75000,21.99000,6500
751,2020-04-13,23.00000,23.00000,21.71900,21.71900,1900
752,2020-04-09,22.25800,22.25800,22.25800,22.25800,0
753,2020-04-08,22.15000,22.25800,22.15000,22.25800,400
754,2020-04-07,22.13800,22.13800,22.13800,22.13800,200
755,2020-04-06,22.22000,23.06000,22.22000,23.06000,300
756,2020-04-03,22.85000,23.20000,22.85000,23.20000,5100
757,2020-04-02,22.80800,23.25000,22.80800,23.25000,600
758,2020-04-01,23.11000,23.25000,22.50000,22.70000,10300
759,2020-03-31,23.10000,24.00000,23.10000,23.75000,6900
760,2020-03-30,22.00000,23.36800,22.00000,23.36800,1000
761,2020-03-27,22.00000,24.00000,22.00000,24.00000,2300
762,2020-03-26,22.26000,22.28600,20.68000,21.50000,3500
763,2020-03-25,23.12500,23.13000,20.60000,22.25000,4200
764,2020-03-24,22.22000,22.22000,18.57000,21.86900,6000
765,2020-03-23,23.34000,23.34000,22.25000,22.25000,1300
766,2020-03-20,23.60900,24.03200,23.60900,23.67500,1400
767,2020-03-19,22.01000,23.24500,22.00000,23.24500,1700
768,2020-03-18,23.25000,24.62900,23.25000,24.15200,9500
769,2020-03-17,24.88000,25.09900,24.00000,24.25000,1900
770,2020-03-16,25.11000,25.11000,24.00000,24.25000,4700
771,2020-03-13,25.17500,25.30800,25.17500,25.30800,1400
772,2020-03-12,25.26000,26.00800,25.26000,26.00000,5900
773,2020-03-11,26.00000,26.00000,26.00000,26.00000,400
774,2020-03-10,26.18500,26.18500,26.18500,26.18500,0
775,2020-03-09,26.00000,26.18500,26.00000,26.18500,1400
776,2020-03-06,26.00000,26.00000,25.87600,26.00000,7600
777,2020-03-05,26.20200,26.20200,26.20200,26.20200,300
778,2020-03-04,26.00000,26.12700,25.99000,26.00000,6300
779,2020-03-03,26.84000,26.84000,25.75000,25.90000,6800
780,2020-03-02,25.55000,25.55000,25.55000,25.55000,0
781,2020-02-28,25.00000,26.41000,25.00000,25.55000,1300
782,2020-02-27,25.86600,26.32100,25.86600,26.23000,3100
783,2020-02-26,26.50000,26.50000,26.29000,26.30000,2300
784,2020-02-25,26.51000,26.79000,25.79700,26.73000,3800
785,2020-02-24,27.37000,27.45000,27.24100,27.32600,900
786,2020-02-21,27.47000,27.47000,27.47000,27.47000,0
787,2020-02-20,27.35000,27.47000,27.35000,27.47000,400
788,2020-02-19,27.47000,27.47000,27.32400,27.32400,2400
789,2020-02-18,27.23300,27.23300,27.23300,27.23300,300
790,2020-02-14,26.92900,26.92900,26.92900,26.92900,200
791,2020-02-13,26.73000,27.49000,26.73000,27.32400,2500
792,2020-02-12,27.43200,27.44000,25.63400,27.29000,4300
793,2020-02-11,27.04800,27.04800,27.04800,27.04800,0
794,2020-02-10,26.99000,27.04800,26.94000,27.04800,1000
795,2020-02-07,25.51000,26.95000,25.51000,26.93500,2900
796,2020-02-06,26.80000,26.85000,26.73000,26.80000,1700
797,2020-02-05,26.60000,26.78300,26.60000,26.78300,1700
798,2020-02-04,26.70000,26.70000,26.70000,26.70000,0
799,2020-02-03,26.70000,26.70000,26.70000,26.70000,0
800,2020-01-31,26.70000,26.70000,26.70000,26.70000,0
801,2020-01-30,26.53000,26.70000,26.53000,26.70000,1700
802,2020-01-29,26.21000,26.58600,26.21000,26.51000,1000
803,2020-01-28,26.68800,26.68800,26.68800,26.68800,0
804,2020-01-27,26.68800,26.68800,26.68800,26.68800,0
805,2020-01-24,26.68800,26.68800,26.68800,26.68800,0
806,2020-01-23,26.68800,26.68800,26.68800,26.68800,0
807,2020-01-22,26.37000,26.68800,26.30000,26.68800,1800
808,2020-01-21,26.32000,26.50000,26.32000,26.50000,1500
809,2020-01-17,26.71000,26.71000,26.71000,26.71000,100
810,2020-01-16,26.70500,26.70500,26.70500,26.70500,500
811,2020-01-15,26.70100,27.00000,26.69500,27.00000,3800
812,2020-01-14,26.50000,26.50000,26.25800,26.50000,4100
813,2020-01-13,26.52300,26.52300,25.51000,26.50000,8200
814,2020-01-10,26.50000,27.42000,26.50000,26.75000,3500
815,2020-01-09,26.65000,26.65000,26.45000,26.45000,500
816,2020-01-08,26.50000,26.60000,26.50000,26.50000,800
817,2020-01-07,26.50000,26.50000,26.50000,26.50000,0
818,2020-01-06,26.21900,26.50000,26.21900,26.50000,700
819,2020-01-03,26.48500,26.91000,26.34100,26.91000,4700
820,2020-01-02,26.68900,26.68900,26.11000,26.59000,2100
821,2019-12-31,26.72000,27.10900,26.70000,27.10900,5100
822,2019-12-30,26.70000,26.70000,26.70000,26.70000,0
823,2019-12-27,26.45000,26.97400,26.45000,26.70000,2900
824,2019-12-26,27.85000,28.09400,26.28300,28.09400,1000
825,2019-12-24,26.51000,26.51000,26.51000,26.51000,0
826,2019-12-23,26.51000,26.51000,26.51000,26.51000,0
827,2019-12-20,26.51000,26.51000,26.51000,26.51000,0
828,2019-12-19,26.18100,26.51000,26.18100,26.51000,2600
829,2019-12-18,28.71000,28.71000,26.28900,26.38000,1100
830,2019-12-17,26.67000,26.67000,26.67000,26.67000,0
831,2019-12-16,26.96000,26.96000,26.00000,26.67000,1300
832,2019-12-13,26.50000,26.50000,26.50000,26.50000,0
833,2019-12-12,26.50000,26.50000,26.50000,26.50000,0
834,2019-12-11,26.50000,26.50000,26.50000,26.50000,0
835,2019-12-10,26.37000,26.50000,25.93000,26.50000,7100
836,2019-12-09,26.50000,26.50000,26.50000,26.50000,0
837,2019-12-06,26.25000,26.50000,26.25000,26.50000,1200
838,2019-12-05,25.93000,25.93000,25.93000,25.93000,0
839,2019-12-04,26.49000,26.49000,25.34000,25.93000,5300
840,2019-12-03,25.90500,25.90500,25.30000,25.30000,300
841,2019-12-02,25.77000,26.17000,25.25000,26.17000,3400
842,2019-11-29,25.81000,25.91000,25.76200,25.76200,800
843,2019-11-27,25.56000,26.41500,25.51100,25.80000,3200
844,2019-11-26,25.80000,26.05700,25.75000,26.00100,4600
845,2019-11-25,25.76400,26.10000,25.58000,26.10000,4600
846,2019-11-22,25.95000,26.00000,25.95000,26.00000,400
847,2019-11-21,25.88400,25.95000,25.80400,25.82200,2800
848,2019-11-20,25.68300,25.92000,25.68300,25.92000,800
849,2019-11-19,25.91000,25.91000,25.88700,25.88700,200
850,2019-11-18,25.78600,25.82000,25.77300,25.80400,2500
851,2019-11-15,25.59000,25.82000,25.59000,25.69800,2300
852,2019-11-14,25.56700,25.56700,25.56700,25.56700,1700
853,2019-11-13,25.33500,25.33500,25.33500,25.33500,0
854,2019-11-12,25.33500,25.33500,25.33500,25.33500,100
855,2019-11-11,25.33500,25.33500,25.33500,25.33500,100
856,2019-11-08,25.55000,25.57200,25.55000,25.57200,800
857,2019-11-07,25.41300,25.53600,25.41300,25.53400,2400
858,2019-11-06,25.38200,25.38200,25.38200,25.38200,400
859,2019-11-05,25.40000,25.40000,25.40000,25.40000,100
860,2019-11-04,25.58000,25.58000,25.21000,25.21000,1100
861,2019-11-01,25.27300,25.58300,25.27300,25.58300,900
862,2019-10-31,25.40000,25.52500,25.11200,25.13400,5900
863,2019-10-30,25.40000,25.40000,25.40000,25.40000,700
864,2019-10-29,25.34000,25.35000,25.34000,25.35000,600
865,2019-10-28,25.40000,25.44000,25.39000,25.44000,1100
866,2019-10-25,25.42000,25.62600,25.42000,25.42000,800
867,2019-10-24,25.49900,25.49900,25.04000,25.11500,2100
868,2019-10-23,25.40000,25.40000,25.40000,25.40000,200
869,2019-10-22,25.70000,25.70000,25.20000,25.40000,4800
870,2019-10-21,25.82200,25.82200,25.82200,25.82200,200
871,2019-10-18,25.68100,25.68100,25.68100,25.68100,0
872,2019-10-17,25.68100,25.68100,25.68100,25.68100,100
873,2019-10-16,25.68100,25.68100,25.68100,25.68100,100
874,2019-10-15,25.68100,25.68100,25.68100,25.68100,0
875,2019-10-14,25.68100,25.68100,25.68100,25.68100,400
876,2019-10-11,25.83000,25.86200,25.73400,25.73400,700
877,2019-10-10,25.96500,25.96500,25.96500,25.96500,400
878,2019-10-09,25.62000,25.62900,25.53900,25.62900,800
879,2019-10-08,25.49300,25.85100,25.49300,25.85100,2100
880,2019-10-07,25.49300,25.60400,25.43000,25.59100,2300
881,2019-10-04,25.90400,25.90400,25.90400,25.90400,0
882,2019-10-03,25.35000,25.90400,25.10000,25.90400,1900
883,2019-10-02,25.24100,25.57700,25.24100,25.30100,1300
884,2019-10-01,25.50000,25.50000,25.04000,25.50000,3400
885,2019-09-30,25.57000,25.93000,25.57000,25.71500,1400
886,2019-09-27,25.53500,25.53500,25.53500,25.53500,500
887,2019-09-26,25.39500,25.50000,25.39500,25.50000,800
888,2019-09-25,25.25000,25.40000,25.25000,25.26400,4500
889,2019-09-24,25.15200,25.24100,25.15000,25.24100,700
890,2019-09-23,25.30000,25.30000,25.17600,25.17600,1800
891,2019-09-20,25.20000,25.20000,25.20000,25.20000,100
892,2019-09-19,25.28000,25.33200,25.20000,25.20000,1600
893,2019-09-18,25.27000,25.27000,25.06900,25.13600,800
894,2019-09-17,25.23000,25.33600,25.23000,25.30300,1100
895,2019-09-16,25.50000,25.50000,25.32000,25.37600,1800
896,2019-09-13,25.44000,25.44000,25.30000,25.36000,2500
897,2019-09-12,25.20200,25.43100,25.20200,25.43100,1200
898,2019-09-11,25.32000,25.36400,25.30000,25.36400,800
899,2019-09-10,25.13500,25.30600,25.13500,25.30600,800
900,2019-09-09,25.34000,25.47000,25.21000,25.47000,1000
901,2019-09-06,25.14500,25.50000,25.14000,25.33500,2400
902,2019-09-05,25.45000,25.47000,25.22600,25.22600,400
903,2019-09-04,25.50000,25.50000,25.10700,25.10700,500
904,2019-09-03,25.05000,25.20000,24.99000,25.20000,2700
905,2019-08-30,25.20200,25.29500,25.20200,25.25300,1000
906,2019-08-29,25.04000,25.50000,25.00000,25.35000,3700
907,2019-08-28,25.87300,25.87300,25.59000,25.69800,1700
908,2019-08-27,26.18500,26.19700,25.86300,26.05000,2100
909,2019-08-26,25.61000,25.89300,25.47700,25.75400,2800
910,2019-08-23,25.51900,25.65300,25.39500,25.65300,1100
911,2019-08-22,25.62000,25.77000,25.49400,25.76600,1600
912,2019-08-21,26.00000,26.00000,25.96000,25.96000,700
913,2019-08-20,25.87200,25.87200,25.61000,25.61000,1000
914,2019-08-19,25.89800,26.25200,25.61000,26.00000,2300
915,2019-08-16,26.61000,26.61000,26.61000,26.61000,0
916,2019-08-15,25.75000,26.61000,25.75000,26.61000,100
917,2019-08-14,25.75000,26.61000,25.75000,26.61000,100
918,2019-08-13,25.75000,26.61000,25.75000,26.61000,7900
919,2019-08-12,25.75000,25.75000,25.74000,25.75000,100
920,2019-08-09,25.74000,25.75000,25.74000,25.75000,600
921,2019-08-08,25.67500,25.67500,25.65100,25.65100,700
922,2019-08-07,25.74000,25.74000,25.68500,25.74000,400
923,2019-08-06,25.61000,25.74000,25.61000,25.61200,1500
924,2019-08-05,25.74000,25.74000,25.66500,25.73900,4800
925,2019-08-02,25.77000,25.90000,25.60000,25.90000,1700
926,2019-08-01,25.77000,25.90000,25.60000,25.90000,1700
927,2019-07-31,25.90000,25.90000,25.57900,25.57900,12400
928,2019-07-30,25.69000,25.69900,25.68800,25.69000,1000
929,2019-07-29,26.00000,26.00000,25.33600,25.60000,5500
930,2019-07-26,25.31000,25.69000,25.20500,25.50000,11000
931,2019-07-25,25.17500,25.50000,25.17500,25.30200,7900
932,2019-07-24,25.11000,25.37900,25.11000,25.30600,2000
933,2019-07-23,25.31000,25.50000,25.25000,25.50000,4600
934,2019-07-22,25.15200,25.32600,25.15200,25.32600,1800
935,2019-07-19,25.19000,25.28300,25.18400,25.21000,1300
936,2019-07-18,25.19000,25.27000,25.10100,25.20000,4900
937,2019-07-17,25.34000,25.34000,24.85500,25.00000,12800
938,2019-07-16,25.24000,25.36200,25.17000,25.36200,1100
939,2019-07-15,25.12500,25.12500,25.12500,25.12500,500
940,2019-07-12,25.25000,25.25000,25.25000,25.25000,200
941,2019-07-11,25.20000,25.74000,25.16800,25.25000,3100
942,2019-07-10,25.10400,25.20000,25.03800,25.10000,7600
943,2019-07-09,25.10000,25.10000,25.10000,25.10000,0
944,2019-07-08,25.05000,25.10000,25.03500,25.10000,1800
945,2019-07-05,24.89000,24.99100,24.80000,24.99100,1000
946,2019-07-03,24.78000,24.79500,24.67400,24.79500,1200
947,2019-07-02,24.66000,24.89000,24.66000,24.89000,3000
948,2019-07-01,24.83600,24.93400,24.66000,24.66000,2100
949,2019-06-28,24.75200,24.75200,24.65000,24.65000,7800
950,2019-06-27,24.99000,24.99000,24.75000,24.88700,1700
951,2019-06-26,24.81200,24.81200,24.75000,24.75100,8000
952,2019-06-25,24.80000,24.90600,24.75000,24.75000,2200
953,2019-06-24,24.88400,24.88400,24.75000,24.79100,3800
954,2019-06-21,24.76000,24.90500,24.76000,24.77000,400
955,2019-06-20,25.01900,25.01900,24.70000,24.72000,3600
956,2019-06-19,25.00000,25.00000,24.96600,25.00000,1400
957,2019-06-18,25.10000,25.10000,25.10000,25.10000,900
958,2019-06-17,25.32000,25.32000,24.99600,24.99600,1000
959,2019-06-14,24.93400,24.95000,24.51000,24.51000,3000
960,2019-06-13,24.95000,24.96600,24.51000,24.76000,6000
961,2019-06-12,24.98000,25.00000,24.96600,24.97000,1500
962,2019-06-11,25.00000,25.00000,24.95100,24.95100,1800
963,2019-06-10,25.00000,25.00000,24.64700,24.84100,1300
964,2019-06-07,25.00000,25.00000,25.00000,25.00000,200
965,2019-06-06,24.85000,24.85000,24.85000,24.85000,1100
966,2019-06-05,25.75000,25.75000,25.75000,25.75000,600
967,2019-06-04,25.13000,25.13000,25.00000,25.00000,5800
968,2019-06-03,25.00000,25.13500,24.63400,25.13500,1500
969,2019-05-31,25.75000,25.75000,25.00200,25.25000,2600
970,2019-05-30,25.25000,25.25000,25.17000,25.25000,1700
971,2019-05-29,25.01000,25.50000,25.01000,25.50000,1400
972,2019-05-28,25.50000,25.70000,25.02000,25.70000,4700
973,2019-05-24,25.25000,25.25000,25.23000,25.25000,2200
974,2019-05-23,25.25000,25.25000,25.25000,25.25000,300
975,2019-05-22,25.00000,25.45000,25.00000,25.45000,700
976,2019-05-21,25.24200,25.24500,24.51000,25.00000,7700
977,2019-05-20,25.30000,25.30000,25.30000,25.30000,900
978,2019-05-17,25.30000,25.32000,25.27100,25.30000,2800
979,2019-05-16,25.25000,25.25000,25.17400,25.17400,1800
980,2019-05-15,25.26600,25.35900,25.26600,25.32000,1600
981,2019-05-14,25.43600,25.43600,25.32000,25.32000,2700
982,2019-05-13,25.25500,25.35100,25.25500,25.31100,3100
983,2019-05-10,25.01800,25.43200,25.01800,25.33500,4400
984,2019-05-09,25.20000,25.26400,25.05600,25.26400,800
985,2019-05-08,24.92800,25.70000,24.62300,25.42000,5000
986,2019-05-07,25.23500,25.41200,24.97000,25.09000,7400
987,2019-05-06,25.40000,25.46700,25.00000,25.40000,7300
988,2019-05-03,24.90000,25.70000,24.90000,25.50000,5600
989,2019-05-02,24.90000,24.90000,24.67900,24.89500,3600
990,2019-05-01,24.67500,24.90000,24.67500,24.90000,2000
991,2019-04-30,24.90000,24.90000,24.61000,24.75000,6400
992,2019-04-29,25.05000,25.25000,24.87700,24.91100,7500
993,2019-04-26,24.98600,25.29200,24.90000,24.90000,4600
994,2019-04-25,24.89600,25.29600,24.89600,24.95000,5200
995,2019-04-24,24.67300,25.05000,24.67300,25.05000,1500
996,2019-04-23,24.63300,25.14500,24.63300,24.92000,2700
997,2019-04-22,24.72900,25.00000,24.72900,24.96300,5200
998,2019-04-18,24.71600,24.79000,24.66700,24.76300,1800
999,2019-04-17,24.87600,25.00000,24.79000,24.79000,1000
1000,2019-04-16,24.95000,25.00000,24.75000,24.79000,5100
1001,2019-04-15,24.85000,24.95000,24.85000,24.95000,2900
1002,2019-04-12,24.46000,24.62100,24.46000,24.55000,3000
1003,2019-04-11,24.90000,24.90000,23.90000,24.00000,6600
1004,2019-04-10,24.90000,24.90000,24.90000,24.90000,3400
1005,2019-04-09,24.50000,24.50000,24.50000,24.50000,1000
1006,2019-04-08,24.50000,25.13500,24.38000,25.02600,16500
1007,2019-04-05,24.50000,24.50000,24.16500,24.39000,9300
1008,2019-04-04,24.50000,24.50000,24.42000,24.49000,6500
1009,2019-04-03,24.50000,24.50000,24.18000,24.50000,4100
1010,2019-04-02,24.38000,24.50000,24.38000,24.50000,3500
1011,2019-04-01,24.06000,24.50000,23.50000,24.50000,8700
1012,2019-03-29,23.50000,24.00000,23.50000,23.98500,2200
1013,2019-03-28,23.25000,23.36100,23.25000,23.25400,500
1014,2019-03-27,23.25000,23.25000,23.25000,23.25000,100
1015,2019-03-26,23.00000,23.25000,23.00000,23.25000,3000
1016,2019-03-25,23.30000,24.00000,23.25000,23.35000,11600
1017,2019-03-22,23.59000,23.59000,23.25000,23.25000,7300
1018,2019-03-21,23.25000,23.59000,23.25000,23.35400,2700
1019,2019-03-20,23.59000,23.59000,23.50600,23.50600,900
1020,2019-03-19,23.55200,23.55200,23.29800,23.29800,1300
1021,2019-03-18,23.00000,23.56300,22.86500,23.30000,2300
1022,2019-03-15,23.25000,23.25000,23.01700,23.03400,1000
1023,2019-03-14,22.73000,23.44000,22.65000,23.25000,2400
1024,2019-03-13,22.60000,22.60000,22.60000,22.60000,100
1025,2019-03-12,22.54000,22.65000,22.54000,22.60000,2100
1026,2019-03-11,22.90000,22.90000,22.90000,22.90000,100
1027,2019-03-08,22.99000,22.99000,22.48000,22.90000,2400
1028,2019-03-07,23.28000,23.28000,22.51000,22.99000,3300
1029,2019-03-06,24.38300,24.38300,22.49200,23.48000,3600
1030,2019-03-05,24.10000,24.29400,23.00000,24.29400,3500
1031,2019-03-04,24.36000,24.49000,24.10000,24.49000,2700
1032,2019-03-01,23.90500,24.22000,23.56000,24.20000,3200
1033,2019-02-28,23.21700,24.08800,22.51000,24.08700,600
1034,2019-02-27,24.70000,24.70000,24.30000,24.30000,6000
1035,2019-02-26,23.48000,24.74000,23.12800,24.70000,21700
1036,2019-02-25,23.40000,23.48000,23.40000,23.48000,2600
1037,2019-02-22,23.10000,23.48000,22.98600,23.48000,1100
1038,2019-02-21,23.97000,23.97000,23.34900,23.34900,500
1039,2019-02-20,23.41600,23.95900,22.65000,23.85700,4500
1040,2019-02-19,22.76300,24.06100,22.65000,22.65000,2700
1041,2019-02-15,22.86000,23.32000,22.65000,22.65000,1900
1042,2019-02-14,23.00000,23.00000,23.00000,23.00000,100
1043,2019-02-13,23.00000,23.00000,23.00000,23.00000,100
1044,2019-02-12,23.29000,23.29000,23.29000,23.29000,100
1045,2019-02-11,23.34000,23.34000,23.30000,23.34000,2000
1046,2019-02-08,23.44000,23.44000,23.19400,23.19400,700
1047,2019-02-07,22.03000,22.03000,22.03000,22.03000,300
1048,2019-02-06,21.61000,21.61000,21.61000,21.61000,100
1049,2019-02-05,21.61000,21.61000,21.61000,21.61000,100
1050,2019-02-04,22.42000,22.42000,21.65800,21.65800,700
1051,2019-02-01,22.44000,22.44000,22.44000,22.44000,700
1052,2019-01-31,22.42000,22.42000,22.42000,22.42000,100
1053,2019-01-30,22.10000,22.42000,22.00000,22.42000,2100
1054,2019-01-29,22.25000,22.39000,22.05100,22.05100,1500
1055,2019-01-28,22.06700,22.06700,22.00000,22.00000,1100
1056,2019-01-25,22.11000,22.25000,22.11000,22.25000,500
1057,2019-01-24,22.00000,22.00000,22.00000,22.00000,0
1058,2019-01-23,21.91000,22.00000,21.90000,22.00000,1100
1059,2019-01-22,21.89000,22.39000,21.40000,21.99000,5400
1060,2019-01-18,21.00000,21.99000,21.00000,21.93400,1000
1061,2019-01-17,20.06300,21.43000,20.06300,20.70000,2900
1062,2019-01-16,19.92000,20.58000,19.92000,20.58000,1600
1063,2019-01-15,19.94000,19.94000,19.94000,19.94000,200
1064,2019-01-14,20.00000,20.00000,19.94000,19.94000,700
1065,2019-01-11,19.20000,19.31000,19.20000,19.24000,900
1066,2019-01-10,19.55300,20.19000,19.55000,20.13000,2200
1067,2019-01-09,19.50300,19.75000,19.50300,19.75000,1200
1068,2019-01-08,19.55000,19.55000,19.55000,19.55000,400
1069,2019-01-07,19.49000,20.24000,19.01000,20.24000,4200
1070,2019-01-04,19.98000,20.00000,18.75000,19.75000,12700
1071,2019-01-03,19.50000,19.69000,19.23000,19.47200,2800
1072,2019-01-02,19.27500,19.27500,19.27500,19.27500,200
1073,2018-12-31,19.01000,19.27500,19.00000,19.27500,3100
1074,2018-12-28,18.21000,18.75000,18.21000,18.70000,14300
1075,2018-12-27,17.69000,18.50000,17.58200,17.91900,12800
1076,2018-12-26,17.50000,17.71000,17.50000,17.66000,2100
1077,2018-12-24,16.15000,17.37000,16.15000,17.08500,900
1078,2018-12-21,18.67000,18.67000,16.15000,16.70000,20000
1079,2018-12-20,21.30000,21.30000,18.65000,19.65000,5800
1080,2018-12-19,21.64000,21.89700,21.05000,21.76900,4500
1081,2018-12-18,23.61300,23.61300,23.61300,23.61300,0
1082,2018-12-17,23.66900,23.66900,23.60000,23.61300,500
1083,2018-12-14,23.60000,23.60000,23.60000,23.60000,300
1084,2018-12-13,23.67000,23.67000,22.55000,22.55000,3800
1085,2018-12-12,24.30000,24.30000,24.30000,24.30000,0
1086,2018-12-11,24.25100,24.30000,24.25100,24.30000,900
1087,2018-12-10,23.80000,23.80000,23.70000,23.75000,3800
1088,2018-12-07,25.59000,25.59000,23.99700,23.99700,700
1089,2018-12-06,23.89200,23.89200,23.56000,23.56000,500
1090,2018-12-04,24.53000,24.53000,24.10000,24.20000,6100
1091,2018-12-03,24.53400,24.53400,24.53400,24.53400,1100
1092,2018-11-30,24.72700,24.78700,24.50000,24.55500,1100
1093,2018-11-29,25.00000,25.00000,25.00000,25.00000,300
1094,2018-11-28,25.58400,25.58400,24.73700,25.46700,2000
1095,2018-11-27,24.95400,24.95400,24.95000,24.95000,300
1096,2018-11-26,24.95000,25.58600,24.95000,25.58600,800
1097,2018-11-23,25.15000,25.19000,25.15000,25.19000,200
1098,2018-11-21,25.42800,25.55000,24.53100,25.24000,3000
1099,2018-11-20,25.60000,25.60000,25.59000,25.59000,500
1100,2018-11-19,24.58000,25.00000,24.58000,24.87000,800
1101,2018-11-16,25.10000,25.10000,24.55000,24.55000,800
1102,2018-11-15,25.00000,25.00000,25.00000,25.00000,300
1103,2018-11-14,25.10000,25.10000,25.10000,25.10000,100
1104,2018-11-13,25.10000,25.10000,25.09700,25.10000,1700
1105,2018-11-12,24.82000,24.90000,24.77000,24.90000,6100
1106,2018-11-09,24.55000,24.55000,24.50000,24.50000,200
1107,2018-11-08,24.83000,24.83000,24.50000,24.82600,900
1108,2018-11-07,24.51000,24.51000,24.51000,24.51000,600
1109,2018-11-06,24.94600,24.95000,24.50000,24.50000,2500
1110,2018-11-05,24.88000,24.88000,24.88000,24.88000,400
1111,2018-11-02,24.21000,24.89000,24.21000,24.89000,3100
1112,2018-11-01,24.88000,24.88000,24.75900,24.75900,400
1113,2018-10-31,24.15000,24.90000,24.15000,24.87000,2500
1114,2018-10-30,24.73000,24.98000,24.14000,24.90000,5300
1115,2018-10-29,24.97600,24.97600,24.84400,24.84400,1300
1116,2018-10-26,25.05000,25.05000,24.71100,24.89000,2700
1117,2018-10-25,25.00000,25.10000,25.00000,25.10000,1300
1118,2018-10-24,24.95000,24.95000,24.95000,24.95000,200
1119,2018-10-23,24.95000,24.95000,24.95000,24.95000,1100
1120,2018-10-22,24.95000,24.95000,24.95000,24.95000,700
1121,2018-10-19,24.95000,24.95000,24.50000,24.95000,1100
1122,2018-10-18,24.82000,24.82000,24.82000,24.82000,100
1123,2018-10-17,24.54400,25.04000,24.50000,25.00000,6500
1124,2018-10-16,24.72000,24.72000,24.72000,24.72000,700
1125,2018-10-15,24.72800,24.72800,24.72800,24.72800,300
1126,2018-10-12,24.50000,24.65700,24.50000,24.65000,1100
1127,2018-10-11,24.95000,24.95000,24.95000,24.95000,200
1128,2018-10-10,24.89000,24.99000,24.51000,24.77700,1100
1129,2018-10-09,25.04000,25.04000,23.26000,24.83000,4600
1130,2018-10-08,25.13000,25.13000,25.12000,25.12000,300
1131,2018-10-05,25.16100,25.16100,25.16100,25.16100,0
1132,2018-10-04,25.08500,25.16100,25.05000,25.16100,3300
1133,2018-10-03,25.09900,25.09900,25.08500,25.08500,1100
1134,2018-10-02,25.13000,25.13000,25.07000,25.07000,1300
1135,2018-10-01,25.19300,25.19300,25.13000,25.13000,800
1136,2018-09-28,25.15000,25.15000,25.14200,25.14200,1000
1137,2018-09-27,25.12000,25.14000,25.12000,25.14000,300
1138,2018-09-26,25.25000,25.25000,25.08200,25.08200,2600
1139,2018-09-25,25.17000,25.17400,25.15000,25.15000,1000
1140,2018-09-24,25.16000,25.16000,25.16000,25.16000,0
1141,2018-09-21,25.24600,25.24600,25.16000,25.16000,1400
1142,2018-09-20,25.28000,25.28000,25.28000,25.28000,600
1143,2018-09-19,25.40000,25.40000,25.06000,25.06000,3400
1144,2018-09-18,25.39800,25.40300,25.38000,25.40300,600
1145,2018-09-17,25.31000,25.31000,25.31000,25.31000,800
1146,2018-09-14,25.35000,25.40000,25.35000,25.40000,800
1147,2018-09-13,25.41000,25.59800,25.35000,25.35000,1700
1148,2018-09-12,25.45000,25.45000,25.40300,25.45000,3100
1149,2018-09-11,25.52300,25.55000,25.45000,25.45000,3000
1150,2018-09-10,25.50000,25.58000,25.50000,25.58000,4100
1151,2018-09-07,25.59000,25.59000,25.59000,25.59000,0
1152,2018-09-06,25.60000,25.73500,25.52000,25.59000,1900
1153,2018-09-05,25.60000,25.60000,25.60000,25.60000,200
1154,2018-09-04,25.64400,25.64400,25.58000,25.58000,4100
1155,2018-08-31,25.59000,25.59000,25.50000,25.50000,700
1156,2018-08-30,26.00000,26.00000,25.44000,25.44000,1900
1157,2018-08-29,26.50000,26.50000,25.93000,25.93900,8900
1158,2018-08-28,25.97000,26.09000,25.85000,26.09000,6500
1159,2018-08-27,25.98000,25.98000,25.98000,25.98000,100
1160,2018-08-24,25.75000,25.75000,25.75000,25.75000,0
1161,2018-08-23,26.49000,26.49000,25.62000,25.75000,4300
1162,2018-08-22,25.79000,26.00000,25.77500,26.00000,2500
1163,2018-08-21,25.85000,25.90000,25.80000,25.82000,3200
1164,2018-08-20,25.80000,25.80000,25.80000,25.80000,400
1165,2018-08-17,26.15000,26.15000,26.15000,26.15000,300
1166,2018-08-16,26.09600,26.09600,26.09600,26.09600,400
1167,2018-08-15,25.55000,26.00000,25.55000,26.00000,13800
1168,2018-08-14,26.79000,26.79000,26.08400,26.13800,1400
1169,2018-08-13,25.94000,26.67000,25.90000,26.67000,3800
1170,2018-08-10,25.94000,25.94000,25.94000,25.94000,0
1171,2018-08-09,25.93000,25.94000,25.93000,25.94000,1800
1172,2018-08-08,25.91000,25.91000,25.91000,25.91000,200
1173,2018-08-07,25.91000,25.91000,25.91000,25.91000,200
1174,2018-08-06,25.90000,25.91000,25.82900,25.91000,2200
1175,2018-08-03,25.93000,25.93000,25.93000,25.93000,400
1176,2018-08-02,25.65100,25.65100,25.65100,25.65100,0
1177,2018-08-01,25.65100,25.65100,25.65100,25.65100,0
1178,2018-07-31,25.69000,25.72000,25.65100,25.65100,1300
1179,2018-07-30,25.40000,25.40000,25.40000,25.40000,0
1180,2018-07-27,25.40000,25.40000,25.40000,25.40000,200
1181,2018-07-26,25.40000,25.40000,25.35000,25.35000,1500
1182,2018-07-25,25.79300,25.79300,25.60000,25.60000,1600
1183,2018-07-24,25.25000,25.40000,25.22000,25.40000,1200
1184,2018-07-23,25.40000,25.40000,25.35000,25.35000,400
1185,2018-07-20,25.40000,25.45000,25.40000,25.44000,2000
1186,2018-07-19,25.94000,25.94000,25.10000,25.10000,6900
1187,2018-07-18,25.75000,25.94000,25.75000,25.91200,2500
1188,2018-07-17,25.71000,25.73000,25.71000,25.73000,1000
1189,2018-07-16,25.70000,25.75000,25.50000,25.50000,4700
1190,2018-07-13,25.67000,25.70100,25.66000,25.70000,1900
1191,2018-07-12,25.71100,25.75000,25.68000,25.75000,5000
1192,2018-07-11,25.78800,25.78800,25.65000,25.72600,500
1193,2018-07-10,25.75000,25.75000,25.75000,25.75000,500
1194,2018-07-09,25.81800,25.81800,25.75000,25.75000,900
1195,2018-07-06,25.75000,25.98000,25.75000,25.86000,2900
1196,2018-07-05,25.71000,25.71000,25.71000,25.71000,400
1197,2018-07-03,25.89000,25.90000,25.62000,25.62000,9800
1198,2018-07-02,25.86900,25.86900,25.71200,25.71200,500
1199,2018-06-29,25.59000,25.68000,25.59000,25.59000,1300
1200,2018-06-28,25.59000,25.59000,25.59000,25.59000,400
1201,2018-06-27,25.95000,25.95000,25.60000,25.95000,1100
1202,2018-06-26,25.58600,25.58600,25.58600,25.58600,0
1203,2018-06-25,25.65000,25.71000,25.56000,25.58600,8700
1204,2018-06-22,25.61400,25.61400,25.61400,25.61400,0
1205,2018-06-21,25.61400,25.61400,25.61400,25.61400,0
1206,2018-06-20,25.61400,25.61400,25.61400,25.61400,0
1207,2018-06-19,25.67000,25.67300,25.50000,25.61400,1400
1208,2018-06-18,25.81000,25.81000,25.74000,25.75000,500
1209,2018-06-15,25.55000,25.55000,25.55000,25.55000,0
1210,2018-06-14,25.65000,25.65000,25.55000,25.55000,1700
1211,2018-06-13,25.65900,25.84700,25.65900,25.84700,500
1212,2018-06-12,25.92800,25.92800,25.92800,25.92800,100
1213,2018-06-11,26.00000,26.00000,25.55000,25.55000,2300
1214,2018-06-08,26.00000,26.00000,26.00000,26.00000,2600
1215,2018-06-07,26.00000,26.00000,25.96100,25.97000,3000
1216,2018-06-06,26.10000,26.10000,26.10000,26.10000,0
1217,2018-06-05,26.10000,26.10000,26.10000,26.10000,0
1218,2018-06-04,26.01000,26.10000,26.01000,26.10000,500
1219,2018-06-01,25.70300,25.70300,25.70300,25.70300,0
1220,2018-05-31,25.60000,25.70300,25.60000,25.70300,3900
1221,2018-05-30,26.37300,26.37300,26.37300,26.37300,700
1222,2018-05-29,26.09000,26.09000,25.75000,25.75000,500
1223,2018-05-25,25.80000,25.83500,25.54000,25.83500,2100
1224,2018-05-24,25.70000,26.25300,25.50000,25.80000,7900
1225,2018-05-23,25.60000,25.60000,25.60000,25.60000,0
1226,2018-05-22,25.70200,25.70200,25.60000,25.60000,1400
1227,2018-05-21,27.88000,27.88000,25.99900,25.99900,1300
1228,2018-05-18,25.50000,25.55000,25.50000,25.55000,900
1229,2018-05-17,25.59000,25.60000,25.57000,25.57000,1000
1230,2018-05-16,25.60000,25.60000,25.50000,25.50000,2800
1231,2018-05-15,25.69000,25.70000,25.53000,25.53000,2300
1232,2018-05-14,25.60000,25.60000,25.60000,25.60000,0
1233,2018-05-11,25.61000,25.63500,25.60000,25.60000,1400
1234,2018-05-10,25.53000,25.61000,25.51000,25.51000,3200
1235,2018-05-09,26.03000,26.14700,25.75000,25.95000,900
1236,2018-05-08,26.55000,26.55000,26.50000,26.50000,700
1237,2018-05-07,27.94000,27.99000,26.61000,26.61000,1300
1238,2018-05-04,25.50000,25.50000,25.50000,25.50000,0
1239,2018-05-03,25.70000,26.00000,25.50000,25.50000,4300
1240,2018-05-02,28.00000,28.00000,25.43000,25.43000,1300
1241,2018-05-01,24.50600,24.50600,24.50600,24.50600,500
1242,2018-04-30,24.50600,24.50600,24.50600,24.50600,200
1243,2018-04-27,25.05000,25.06000,25.05000,25.06000,400
1244,2018-04-26,25.10000,25.10000,25.02000,25.02000,1400
1245,2018-04-25,25.00000,25.00000,25.00000,25.00000,0
1246,2018-04-24,25.00000,25.00000,25.00000,25.00000,0
1247,2018-04-23,25.00000,25.00000,25.00000,25.00000,1700
1248,2018-04-20,24.99900,25.10000,24.99900,25.10000,2600
1249,2018-04-19,24.96000,24.96000,24.93000,24.93000,1000
1250,2018-04-18,24.95000,25.00000,24.93000,25.00000,5800
1251,2018-04-17,25.00000,25.00000,24.95000,25.00000,4700
1252,2018-04-16,24.95000,25.10000,24.95000,25.00000,1700
1253,2018-04-13,25.00000,25.00000,25.00000,25.00000,800
1254,2018-04-12,24.95900,24.95900,24.95900,24.95900,300
1255,2018-04-11,24.60000,25.00000,24.58100,24.85300,5100
1256,2018-04-10,25.00000,25.00000,24.35200,24.55000,2500
1257,2018-04-09,24.55000,24.55000,24.52700,24.52700,500
1258,2018-04-06,24.52000,24.52000,24.50000,24.50000,2200
1259,2018-04-05,24.40500,24.50000,24.40000,24.48100,4700
1260,2018-04-04,24.35100,24.44500,24.35100,24.44500,1700
1261,2018-04-03,24.59900,24.59900,24.35000,24.35000,2000
1262,2018-04-02,24.60000,24.60000,24.50000,24.50000,1400
1263,2018-03-29,24.60000,24.60300,24.60000,24.60300,1400
1264,2018-03-28,24.71600,24.71600,24.58500,24.60000,9500
1265,2018-03-27,24.37000,24.50600,24.36000,24.50300,2100
1266,2018-03-26,24.40000,24.40000,24.40000,24.40000,2100
1267,2018-03-23,24.40000,24.40000,24.14800,24.20000,3100
1268,2018-03-22,24.30000,24.40000,24.30000,24.40000,800
