,datetime,open,high,low,close,volume
0,2023-04-19,6.27000,6.28000,6.25000,6.27000,20500
1,2023-04-18,6.27000,6.30000,6.26000,6.27000,33500
2,2023-04-17,6.30000,6.36000,6.30000,6.32000,40400
3,2023-04-14,6.33000,6.38000,6.31000,6.33000,26600
4,2023-04-13,6.35000,6.38000,6.34000,6.35000,35200
5,2023-04-12,6.34000,6.38000,6.33000,6.33000,32500
6,2023-04-11,6.29000,6.35000,6.28000,6.33000,49700
7,2023-04-10,6.30000,6.35000,6.29000,6.30000,41400
8,2023-04-06,6.32000,6.36000,6.28000,6.32000,47000
9,2023-04-05,6.32000,6.36000,6.26000,6.31000,100800
10,2023-04-04,6.34000,6.37000,6.30000,6.33000,53300
11,2023-04-03,6.27000,6.36000,6.27000,6.34000,52500
12,2023-03-31,6.35000,6.35000,6.29000,6.29000,80600
13,2023-03-30,6.24000,6.28000,6.18000,6.27000,142500
14,2023-03-29,6.24000,6.29000,6.21000,6.24000,63700
15,2023-03-28,6.22000,6.25000,6.17000,6.20000,69400
16,2023-03-27,6.20000,6.26000,6.17000,6.26000,41800
17,2023-03-24,6.24000,6.30000,6.20000,6.21000,19600
18,2023-03-23,6.35000,6.36000,6.22000,6.23000,67900
19,2023-03-22,6.22000,6.27000,6.20000,6.23000,23000
20,2023-03-21,6.18000,6.24000,6.18000,6.24000,94600
21,2023-03-20,6.15000,6.21000,6.15000,6.17000,83100
22,2023-03-17,6.17000,6.22000,6.13000,6.15000,58400
23,2023-03-16,6.11000,6.22000,6.11000,6.20000,96200
24,2023-03-15,6.23000,6.24000,6.12000,6.16000,77900
25,2023-03-14,6.26000,6.34000,6.25000,6.27000,40200
26,2023-03-13,6.33000,6.40000,6.25000,6.25000,62000
27,2023-03-10,6.48000,6.52000,6.38000,6.39000,32700
28,2023-03-09,6.56000,6.61000,6.47000,6.47000,28100
29,2023-03-08,6.63000,6.63000,6.55000,6.57000,25100
30,2023-03-07,6.62000,6.63000,6.55000,6.57000,34900
31,2023-03-06,6.60000,6.66000,6.59000,6.60000,30600
32,2023-03-03,6.57000,6.66000,6.56000,6.61000,30900
33,2023-03-02,6.48000,6.60000,6.45000,6.59000,43300
34,2023-03-01,6.53000,6.54000,6.47000,6.52000,38900
35,2023-02-28,6.58000,6.63000,6.50000,6.54000,128000
36,2023-02-27,6.49000,6.57000,6.49000,6.55000,22500
37,2023-02-24,6.41000,6.51000,6.37000,6.49000,82376
38,2023-02-23,6.46000,6.51000,6.44000,6.47000,39300
39,2023-02-22,6.42000,6.45000,6.41000,6.43000,62100
40,2023-02-21,6.64000,6.64000,6.37000,6.38000,87400
41,2023-02-17,6.60000,6.65000,6.58000,6.60000,40700
42,2023-02-16,6.67000,6.71000,6.60000,6.65000,45700
43,2023-02-15,6.73000,6.75000,6.67000,6.68000,76600
44,2023-02-14,6.78000,6.79000,6.73000,6.77000,47500
45,2023-02-13,6.80000,6.85000,6.79000,6.80000,91900
46,2023-02-10,6.78000,6.82000,6.76000,6.80000,55600
47,2023-02-09,6.84000,6.87000,6.75000,6.77000,38400
48,2023-02-08,6.81000,6.82000,6.75000,6.81000,46500
49,2023-02-07,6.78000,6.81000,6.73000,6.80000,61200
50,2023-02-06,6.80000,6.86000,6.72000,6.72000,53700
51,2023-02-03,6.82000,6.89000,6.72000,6.78000,67700
52,2023-02-02,6.87000,6.90000,6.81000,6.86000,46500
53,2023-02-01,6.69000,6.82000,6.69000,6.79000,121000
54,2023-01-31,6.67000,6.75000,6.63000,6.70000,122900
55,2023-01-30,6.55000,6.64000,6.55000,6.62000,113400
56,2023-01-27,6.55000,6.61000,6.54000,6.58000,57900
57,2023-01-26,6.51000,6.56000,6.49000,6.54000,55700
58,2023-01-25,6.58000,6.58000,6.49000,6.51000,69400
59,2023-01-24,6.53000,6.60000,6.49000,6.56000,93700
60,2023-01-23,6.52000,6.57000,6.49000,6.55000,68500
61,2023-01-20,6.53000,6.55000,6.49000,6.52000,38500
62,2023-01-19,6.54000,6.55000,6.49000,6.55000,56900
63,2023-01-18,6.56000,6.58000,6.52000,6.54000,48700
64,2023-01-17,6.46000,6.55000,6.46000,6.55000,51400
65,2023-01-13,6.52000,6.55000,6.50000,6.52000,44700
66,2023-01-12,6.52000,6.60000,6.45000,6.58000,43000
67,2023-01-11,6.41000,6.53000,6.41000,6.50000,104800
68,2023-01-10,6.43000,6.44000,6.40000,6.43000,67700
69,2023-01-09,6.43000,6.45000,6.42000,6.44000,47400
70,2023-01-06,6.32000,6.48000,6.32000,6.45000,48100
71,2023-01-05,6.31000,6.31000,6.28000,6.31000,36900
72,2023-01-04,6.28000,6.40000,6.28000,6.33000,72100
73,2023-01-03,6.18000,6.28000,6.17000,6.26000,91400
74,2022-12-30,6.17000,6.22000,6.11000,6.15000,286300
75,2022-12-29,6.12000,6.20000,6.10000,6.16000,168700
76,2022-12-28,6.14000,6.17000,6.10000,6.12000,214400
77,2022-12-27,6.27000,6.27000,6.12000,6.12000,131500
78,2022-12-23,6.26000,6.28000,6.22000,6.27000,55300
79,2022-12-22,6.20000,6.24000,6.17000,6.24000,80900
80,2022-12-21,6.25000,6.29000,6.22000,6.23000,197000
81,2022-12-20,6.24000,6.26000,6.19000,6.25000,189100
82,2022-12-19,6.32000,6.38000,6.25000,6.27000,96900
83,2022-12-16,6.36000,6.43000,6.30000,6.33000,113200
84,2022-12-15,6.39000,6.43000,6.36000,6.38000,106800
85,2022-12-14,6.50000,6.63000,6.37000,6.42000,231100
86,2022-12-13,6.58000,6.61000,6.48000,6.53000,65600
87,2022-12-12,6.52000,6.60000,6.49000,6.55000,118400
88,2022-12-09,6.58000,6.65000,6.48000,6.50000,78100
89,2022-12-08,6.65000,6.68000,6.59000,6.59000,138200
90,2022-12-07,6.62000,6.74000,6.62000,6.66000,88800
91,2022-12-06,6.70000,6.73000,6.63000,6.63000,78900
92,2022-12-05,6.80000,6.81000,6.67000,6.72000,80100
93,2022-12-02,6.82000,6.85000,6.76000,6.78000,45000
94,2022-12-01,6.87000,6.94000,6.86000,6.86000,41500
95,2022-11-30,6.91000,6.98000,6.87000,6.87000,114700
96,2022-11-29,6.92000,6.93000,6.87000,6.90000,54500
97,2022-11-28,6.77000,6.92000,6.76000,6.90000,137700
98,2022-11-25,6.82000,6.82000,6.76000,6.77000,19600
99,2022-11-23,6.77000,6.80000,6.76000,6.79000,73400
100,2022-11-22,6.62000,6.83000,6.62000,6.81000,120100
101,2022-11-21,6.55000,6.64000,6.53000,6.64000,93800
102,2022-11-18,6.56000,6.60000,6.52000,6.54000,32600
103,2022-11-17,6.60000,6.73000,6.50000,6.56000,155100
104,2022-11-16,6.51000,6.66000,6.51000,6.65000,44000
105,2022-11-15,6.60000,6.62000,6.48000,6.53000,158100
106,2022-11-14,6.69000,6.73000,6.59000,6.62000,82400
107,2022-11-11,6.70000,6.70000,6.60000,6.60000,46200
108,2022-11-10,6.50000,6.81000,6.46000,6.71000,189100
109,2022-11-09,6.39000,6.42000,6.35000,6.37000,33600
110,2022-11-08,6.36000,6.45000,6.36000,6.43000,43600
111,2022-11-07,6.39000,6.41000,6.32000,6.35000,31200
112,2022-11-04,6.38000,6.41000,6.35000,6.35000,32300
113,2022-11-03,6.30000,6.38000,6.29000,6.37000,102000
114,2022-11-02,6.43000,6.49000,6.25000,6.29000,134300
115,2022-11-01,6.42000,6.49000,6.42000,6.46000,135800
116,2022-10-31,6.52000,6.54000,6.35000,6.40000,179500
117,2022-10-28,6.41000,6.43000,6.40000,6.43000,26900
118,2022-10-27,6.39000,6.47000,6.36000,6.39000,97100
119,2022-10-26,6.23000,6.46000,6.18000,6.34000,209300
120,2022-10-25,6.04000,6.25000,6.04000,6.23000,104900
121,2022-10-24,5.99000,6.10000,5.97000,6.03000,96200
122,2022-10-21,5.94000,6.04000,5.94000,6.02000,80500
123,2022-10-20,5.95000,6.03000,5.95000,5.95000,152400
124,2022-10-19,5.87000,6.05000,5.85000,5.93000,143400
125,2022-10-18,5.94000,6.01000,5.85000,5.85000,132500
126,2022-10-17,5.90000,5.96000,5.89000,5.90000,143500
127,2022-10-14,5.89000,5.91000,5.81000,5.83000,29400
128,2022-10-13,5.87000,5.93000,5.83000,5.89000,182800
129,2022-10-12,6.00000,6.05000,5.94000,5.99000,64000
130,2022-10-11,5.99000,6.11000,5.97000,6.01000,84900
131,2022-10-10,6.15000,6.15000,6.03000,6.03000,29300
132,2022-10-07,6.17000,6.19000,6.12000,6.13000,48200
133,2022-10-06,6.19000,6.28000,6.17000,6.17000,38400
134,2022-10-05,6.26000,6.28000,6.18000,6.19000,60100
135,2022-10-04,6.20000,6.32000,6.20000,6.26000,48400
136,2022-10-03,6.02000,6.25000,5.97000,6.20000,93600
137,2022-09-30,5.99000,6.01000,5.92000,5.95000,91800
138,2022-09-29,6.18000,6.18000,5.89000,5.92000,147100
139,2022-09-28,6.11000,6.19000,6.04000,6.18000,82300
140,2022-09-27,6.11000,6.13000,6.02000,6.02000,116300
141,2022-09-26,6.12000,6.18000,6.08000,6.09000,62000
142,2022-09-23,6.24000,6.25000,6.10000,6.10000,62500
143,2022-09-22,6.23000,6.30000,6.23000,6.28000,45800
144,2022-09-21,6.25000,6.27000,6.20000,6.24000,77900
145,2022-09-20,6.20000,6.27000,6.17000,6.22000,86700
146,2022-09-19,6.28000,6.29000,6.19000,6.25000,77800
147,2022-09-16,6.31000,6.34000,6.27000,6.32000,53700
148,2022-09-15,6.44000,6.45000,6.30000,6.31000,68600
149,2022-09-14,6.48000,6.50000,6.42000,6.43000,37200
150,2022-09-13,6.48000,6.50000,6.45000,6.45000,44100
151,2022-09-12,6.55000,6.64000,6.54000,6.58000,31400
152,2022-09-09,6.59000,6.62000,6.53000,6.54000,55700
153,2022-09-08,6.48000,6.61000,6.48000,6.54000,106400
154,2022-09-07,6.47000,6.50000,6.44000,6.48000,40200
155,2022-09-06,6.48000,6.50000,6.45000,6.45000,55100
156,2022-09-02,6.48000,6.51000,6.46000,6.49000,87600
157,2022-09-01,6.48000,6.48000,6.43000,6.45000,96600
158,2022-08-31,6.52000,6.52000,6.46000,6.48000,92700
159,2022-08-30,6.46000,6.48000,6.43000,6.45000,120700
160,2022-08-29,6.49000,6.50000,6.45000,6.46000,111500
161,2022-08-26,6.53000,6.55000,6.48000,6.49000,50800
162,2022-08-25,6.56000,6.59000,6.53000,6.53000,125600
163,2022-08-24,6.56000,6.60000,6.56000,6.56000,133300
164,2022-08-23,6.65000,6.65000,6.55000,6.60000,183900
165,2022-08-22,6.69000,6.69000,6.61000,6.63000,84400
166,2022-08-19,6.72000,6.74000,6.71000,6.72000,56300
167,2022-08-18,6.73000,6.77000,6.72000,6.73000,92000
168,2022-08-17,6.75000,6.80000,6.70000,6.74000,94600
169,2022-08-16,6.82000,6.86000,6.79000,6.79000,76100
170,2022-08-15,6.83000,6.90000,6.83000,6.87000,139500
171,2022-08-12,6.84000,6.87000,6.81000,6.85000,56600
172,2022-08-11,6.86000,6.89000,6.82000,6.82000,150400
173,2022-08-10,6.95000,6.96000,6.81000,6.86000,129000
174,2022-08-09,7.05000,7.09000,6.88000,6.90000,182500
175,2022-08-08,6.85000,7.07000,6.81000,6.96000,143400
176,2022-08-05,6.87000,6.89000,6.82000,6.83000,30600
177,2022-08-04,6.92000,6.92000,6.86000,6.89000,42400
178,2022-08-03,6.85000,6.88000,6.81000,6.87000,48400
179,2022-08-02,6.83000,6.93000,6.79000,6.81000,84900
180,2022-08-01,6.78000,6.84000,6.72000,6.84000,91900
181,2022-07-29,6.74000,6.77000,6.65000,6.75000,73400
182,2022-07-28,6.57000,6.69000,6.57000,6.68000,52100
183,2022-07-27,6.57000,6.63000,6.57000,6.59000,36800
184,2022-07-26,6.53000,6.58000,6.53000,6.54000,58600
185,2022-07-25,6.54000,6.58000,6.49000,6.55000,121800
186,2022-07-22,6.44000,6.51000,6.44000,6.47000,42800
187,2022-07-21,6.41000,6.48000,6.39000,6.46000,45900
188,2022-07-20,6.41000,6.43000,6.37000,6.43000,74200
189,2022-07-19,6.37000,6.39000,6.32000,6.39000,65800
190,2022-07-18,6.34000,6.38000,6.34000,6.37000,64200
191,2022-07-15,6.36000,6.45000,6.32000,6.32000,91100
192,2022-07-14,6.35000,6.35000,6.31000,6.33000,65200
193,2022-07-13,6.30000,6.36000,6.29000,6.34000,61600
194,2022-07-12,6.39000,6.41000,6.34000,6.34000,92000
195,2022-07-11,6.42000,6.43000,6.35000,6.37000,68500
196,2022-07-08,6.39000,6.41000,6.35000,6.39000,85800
197,2022-07-07,6.43000,6.46000,6.42000,6.46000,55100
198,2022-07-06,6.39000,6.40000,6.36000,6.38000,42200
199,2022-07-05,6.35000,6.38000,6.32000,6.36000,77300
200,2022-07-01,6.32000,6.37000,6.31000,6.37000,91800
201,2022-06-30,6.27000,6.32000,6.26000,6.30000,260600
202,2022-06-29,6.29000,6.34000,6.26000,6.27000,80200
203,2022-06-28,6.37000,6.39000,6.26000,6.29000,103300
204,2022-06-27,6.33000,6.37000,6.31000,6.33000,60500
205,2022-06-24,6.37000,6.41000,6.33000,6.33000,82200
206,2022-06-23,6.29000,6.34000,6.25000,6.33000,105500
207,2022-06-22,6.20000,6.31000,6.20000,6.30000,65100
208,2022-06-21,6.25000,6.33000,6.23000,6.23000,75600
209,2022-06-17,6.12000,6.28000,6.12000,6.22000,88000
210,2022-06-16,6.19000,6.21000,6.12000,6.15000,159700
211,2022-06-15,6.23000,6.33000,6.22000,6.24000,94100
212,2022-06-14,6.32000,6.40000,6.22000,6.23000,178600
213,2022-06-13,6.45000,6.50000,6.30000,6.35000,109700
214,2022-06-10,6.56000,6.58000,6.51000,6.54000,36200
215,2022-06-09,6.66000,6.66000,6.59000,6.63000,46600
216,2022-06-08,6.65000,6.68000,6.62000,6.64000,64800
217,2022-06-07,6.71000,6.72000,6.65000,6.68000,76900
218,2022-06-06,6.72000,6.73000,6.64000,6.67000,81100
219,2022-06-03,6.67000,6.75000,6.67000,6.72000,41300
220,2022-06-02,6.71000,6.75000,6.67000,6.74000,64600
221,2022-06-01,6.65000,6.72000,6.64000,6.67000,154400
222,2022-05-31,6.64000,6.68000,6.61000,6.65000,144600
223,2022-05-27,6.63000,6.71000,6.61000,6.68000,184500
224,2022-05-26,6.58000,6.66000,6.58000,6.62000,70800
225,2022-05-25,6.58000,6.60000,6.55000,6.55000,111100
226,2022-05-24,6.45000,6.58000,6.45000,6.56000,92200
227,2022-05-23,6.48000,6.57000,6.48000,6.49000,75500
228,2022-05-20,6.47000,6.51000,6.46000,6.46000,79400
229,2022-05-19,6.45000,6.53000,6.45000,6.47000,137900
230,2022-05-18,6.44000,6.50000,6.41000,6.49000,93100
231,2022-05-17,6.44000,6.48000,6.40000,6.47000,111700
232,2022-05-16,6.47000,6.51000,6.45000,6.50000,47700
233,2022-05-13,6.47000,6.51000,6.44000,6.46000,47600
234,2022-05-12,6.52000,6.53000,6.42000,6.45000,62900
235,2022-05-11,6.53000,6.58000,6.52000,6.52000,59200
236,2022-05-10,6.51000,6.61000,6.50000,6.57000,120300
237,2022-05-09,6.56000,6.61000,6.50000,6.57000,169900
238,2022-05-06,6.68000,6.68000,6.59000,6.64000,70500
239,2022-05-05,6.80000,6.81000,6.66000,6.67000,81600
240,2022-05-04,6.76000,6.84000,6.74000,6.80000,56700
241,2022-05-03,6.74000,6.81000,6.74000,6.74000,56400
242,2022-05-02,6.80000,6.81000,6.74000,6.75000,75800
243,2022-04-29,6.84000,6.84000,6.80000,6.80000,77400
244,2022-04-28,6.80000,6.85000,6.80000,6.84000,64700
245,2022-04-27,6.85000,6.86000,6.80000,6.80000,84900
246,2022-04-26,6.85000,6.87000,6.80000,6.81000,141400
247,2022-04-25,6.82000,6.85000,6.77000,6.85000,129200
248,2022-04-22,6.80000,6.83000,6.79000,6.83000,115100
249,2022-04-21,6.84000,6.88000,6.80000,6.80000,109200
250,2022-04-20,6.82000,6.91000,6.82000,6.83000,450900
251,2022-04-19,6.86000,6.94000,6.86000,6.89000,112400
252,2022-04-18,6.89000,6.95000,6.89000,6.93000,73500
253,2022-04-14,7.00000,7.04000,6.96000,6.96000,73100
254,2022-04-13,7.00000,7.01000,6.89000,7.00000,318700
255,2022-04-12,7.03000,7.14000,7.02000,7.04000,169700
256,2022-04-11,7.03000,7.08000,7.03000,7.03000,54600
257,2022-04-08,7.08000,7.11000,7.06000,7.11000,51800
258,2022-04-07,7.26000,7.27000,7.07000,7.09000,201400
259,2022-04-06,7.29000,7.33000,7.25000,7.29000,59300
260,2022-04-05,7.46000,7.54000,7.32000,7.33000,215600
261,2022-04-04,7.50000,7.53000,7.44000,7.52000,63200
262,2022-04-01,7.37000,7.46000,7.34000,7.45000,65100
263,2022-03-31,7.30000,7.39000,7.29000,7.34000,137200
264,2022-03-30,7.27000,7.31000,7.24000,7.27000,89800
265,2022-03-29,7.11000,7.25000,7.11000,7.25000,92300
266,2022-03-28,7.10000,7.14000,7.09000,7.10000,54500
267,2022-03-25,7.13000,7.16000,7.10000,7.11000,104100
268,2022-03-24,7.15000,7.17000,7.10000,7.13000,43700
269,2022-03-23,7.13000,7.17000,7.12000,7.15000,53600
270,2022-03-22,7.16000,7.16000,7.11000,7.15000,103800
271,2022-03-21,7.12000,7.15000,7.09000,7.11000,58000
272,2022-03-18,7.09000,7.20000,7.09000,7.13000,86700
273,2022-03-17,7.07000,7.10000,7.04000,7.09000,105800
274,2022-03-16,6.98000,7.07000,6.98000,7.05000,71200
275,2022-03-15,6.95000,7.02000,6.88000,6.96000,167200
276,2022-03-14,7.16000,7.17000,7.00000,7.01000,99900
277,2022-03-11,7.15000,7.18000,7.15000,7.16000,36200
278,2022-03-10,7.22000,7.24000,7.15000,7.15000,126400
279,2022-03-09,7.24000,7.29000,7.24000,7.24000,93400
280,2022-03-08,7.25000,7.31000,7.22000,7.24000,57400
281,2022-03-07,7.36000,7.39000,7.26000,7.26000,47600
282,2022-03-04,7.50000,7.50000,7.39000,7.40000,67600
283,2022-03-03,7.44000,7.49000,7.42000,7.46000,68700
284,2022-03-02,7.42000,7.50000,7.33000,7.42000,106900
285,2022-03-01,7.40000,7.48000,7.37000,7.43000,89500
286,2022-02-28,7.35000,7.42000,7.26000,7.40000,87400
287,2022-02-25,7.32000,7.38000,7.32000,7.34000,57900
288,2022-02-24,7.25000,7.31000,7.19000,7.29000,111800
289,2022-02-23,7.31000,7.35000,7.28000,7.32000,78400
290,2022-02-22,7.46000,7.46000,7.31000,7.31000,126300
291,2022-02-18,7.44000,7.47000,7.42000,7.47000,87700
292,2022-02-17,7.44000,7.44000,7.40000,7.43000,83800
293,2022-02-16,7.38000,7.46000,7.38000,7.42000,69300
294,2022-02-15,7.44000,7.48000,7.38000,7.40000,141500
295,2022-02-14,7.63000,7.63000,7.46000,7.47000,141400
296,2022-02-11,7.75000,7.76000,7.62000,7.65000,54400
297,2022-02-10,7.88000,7.92000,7.69000,7.69000,86500
298,2022-02-09,7.86000,7.92000,7.84000,7.88000,47500
299,2022-02-08,7.77000,7.89000,7.77000,7.85000,40000
300,2022-02-07,8.00000,8.02000,7.77000,7.82000,107600
301,2022-02-04,8.01000,8.05000,7.94000,8.03000,59300
302,2022-02-03,8.12000,8.13000,8.03000,8.04000,60600
303,2022-02-02,8.23000,8.23000,8.13000,8.19000,29000
304,2022-02-01,8.01000,8.28000,7.99000,8.24000,69200
305,2022-01-31,7.95000,8.03000,7.92000,8.01000,42500
306,2022-01-28,7.95000,7.97000,7.88000,7.93000,70000
307,2022-01-27,7.86000,8.05000,7.86000,7.98000,92500
308,2022-01-26,7.82000,7.92000,7.79000,7.87000,65400
309,2022-01-25,7.76000,7.83000,7.74000,7.79000,200500
310,2022-01-24,7.86000,7.86000,7.56000,7.76000,138600
311,2022-01-21,8.15000,8.17000,7.99000,8.00000,61700
312,2022-01-20,8.21000,8.28000,8.16000,8.16000,46600
313,2022-01-19,8.19000,8.24000,8.16000,8.24000,53300
314,2022-01-18,8.32000,8.32000,8.16000,8.18000,96200
315,2022-01-14,8.43000,8.43000,8.31000,8.34000,74100
316,2022-01-13,8.41000,8.46000,8.41000,8.46000,41100
317,2022-01-12,8.41000,8.43000,8.41000,8.42000,61700
318,2022-01-11,8.43000,8.43000,8.39000,8.42000,53400
319,2022-01-10,8.37000,8.41000,8.37000,8.38000,43000
320,2022-01-07,8.45000,8.47000,8.38000,8.39000,74400
321,2022-01-06,8.44000,8.48000,8.40000,8.41000,73800
322,2022-01-05,8.49000,8.54000,8.43000,8.44000,94600
323,2022-01-04,8.51000,8.56000,8.48000,8.48000,58900
324,2022-01-03,8.52000,8.64000,8.52000,8.53000,72100
325,2021-12-31,8.69000,8.70000,8.52000,8.52000,40200
326,2021-12-30,8.67000,8.67000,8.60000,8.65000,44300
327,2021-12-29,8.59000,8.67000,8.57000,8.66000,93100
328,2021-12-28,8.67000,8.67000,8.56000,8.59000,46500
329,2021-12-27,8.55000,8.67000,8.48000,8.67000,129100
330,2021-12-23,8.45000,8.54000,8.43000,8.53000,88500
331,2021-12-22,8.39000,8.49000,8.39000,8.40000,71200
332,2021-12-21,8.37000,8.47000,8.34000,8.40000,45500
333,2021-12-20,8.40000,8.43000,8.36000,8.37000,36100
334,2021-12-17,8.47000,8.56000,8.39000,8.44000,51600
335,2021-12-16,8.46000,8.57000,8.44000,8.51000,90300
336,2021-12-15,8.36000,8.55000,8.32000,8.49000,64100
337,2021-12-14,8.32000,8.39000,8.29000,8.39000,48800
338,2021-12-13,8.44000,8.48000,8.39000,8.40000,66700
339,2021-12-10,8.58000,8.58000,8.48000,8.49000,44400
340,2021-12-09,8.51000,8.55000,8.48000,8.53000,32200
341,2021-12-08,8.55000,8.55000,8.48000,8.52000,43400
342,2021-12-07,8.50000,8.55000,8.40000,8.55000,100500
343,2021-12-06,8.36000,8.50000,8.32000,8.50000,103700
344,2021-12-03,8.39000,8.39000,8.31000,8.34000,70200
345,2021-12-02,8.41000,8.43000,8.36000,8.38000,68000
346,2021-12-01,8.45000,8.49000,8.39000,8.39000,76800
347,2021-11-30,8.50000,8.50000,8.40000,8.44000,73300
348,2021-11-29,8.51000,8.51000,8.41000,8.47000,22400
349,2021-11-26,8.41000,8.47000,8.33000,8.47000,62900
350,2021-11-24,8.53000,8.53000,8.41000,8.42000,66600
351,2021-11-23,8.46000,8.51000,8.43000,8.50000,78700
352,2021-11-22,8.50000,8.50000,8.45000,8.49000,28000
353,2021-11-19,8.55000,8.55000,8.47000,8.50000,56800
354,2021-11-18,8.55000,8.55000,8.47000,8.53000,69300
355,2021-11-17,8.53000,8.55000,8.53000,8.53000,60500
356,2021-11-16,8.55000,8.56000,8.55000,8.56000,37400
357,2021-11-15,8.61000,8.62000,8.59000,8.60000,49200
358,2021-11-12,8.61000,8.65000,8.60000,8.61000,36600
359,2021-11-11,8.61000,8.65000,8.60000,8.62000,63000
360,2021-11-10,8.64000,8.64000,8.59000,8.63000,82900
361,2021-11-09,8.62000,8.65000,8.62000,8.63000,59900
362,2021-11-08,8.63000,8.64000,8.61000,8.62000,52200
363,2021-11-05,8.62000,8.62000,8.60000,8.60000,78800
364,2021-11-04,8.65000,8.65000,8.60000,8.61000,70400
365,2021-11-03,8.62000,8.66000,8.61000,8.65000,76200
366,2021-11-02,8.69000,8.70000,8.61000,8.62000,65900
367,2021-11-01,8.69000,8.71000,8.66000,8.68000,62100
368,2021-10-29,8.75000,8.75000,8.65000,8.68000,88400
369,2021-10-28,8.69000,8.72000,8.67000,8.69000,43600
370,2021-10-27,8.71000,8.72000,8.70000,8.72000,74000
371,2021-10-26,8.67000,8.70000,8.65000,8.70000,53200
372,2021-10-25,8.71000,8.71000,8.65000,8.66000,58300
373,2021-10-22,8.71000,8.72000,8.65000,8.69000,75200
374,2021-10-21,8.71000,8.71000,8.67000,8.68000,86700
375,2021-10-20,8.59000,8.70000,8.59000,8.69000,167500
376,2021-10-19,8.61000,8.64000,8.57000,8.61000,75800
377,2021-10-18,8.61000,8.65000,8.58000,8.61000,69200
378,2021-10-15,8.70000,8.70000,8.59000,8.65000,109400
379,2021-10-14,8.71000,8.71000,8.65000,8.67000,67900
380,2021-10-13,8.65000,8.68000,8.60000,8.62000,38400
381,2021-10-12,8.68000,8.70000,8.60000,8.65000,41800
382,2021-10-11,8.66000,8.70000,8.65000,8.68000,67900
383,2021-10-08,8.65000,8.66000,8.60000,8.64000,36600
384,2021-10-07,8.62000,8.65000,8.60000,8.64000,131700
385,2021-10-06,8.59000,8.62000,8.56000,8.62000,42900
386,2021-10-05,8.58000,8.62000,8.54000,8.59000,56900
387,2021-10-04,8.60000,8.60000,8.56000,8.57000,31900
388,2021-10-01,8.60000,8.60000,8.54000,8.57000,28600
389,2021-09-30,8.59000,8.61000,8.57000,8.60000,51400
390,2021-09-29,8.52000,8.57000,8.52000,8.55000,69200
391,2021-09-28,8.60000,8.60000,8.48000,8.50000,72700
392,2021-09-27,8.55000,8.60000,8.55000,8.56000,79800
393,2021-09-24,8.65000,8.66000,8.48000,8.51000,143800
394,2021-09-23,8.57000,8.68000,8.56000,8.62000,71500
395,2021-09-22,8.64000,8.64000,8.55000,8.58000,34400
396,2021-09-21,8.57000,8.61000,8.54000,8.60000,83500
397,2021-09-20,8.55000,8.55000,8.50000,8.53000,81000
398,2021-09-17,8.61000,8.63000,8.53000,8.55000,109300
399,2021-09-16,8.67000,8.67000,8.63000,8.63000,40900
400,2021-09-15,8.71000,8.71000,8.63000,8.67000,52000
401,2021-09-14,8.67000,8.72000,8.63000,8.65000,55800
402,2021-09-13,8.75000,8.75000,8.69000,8.72000,42500
403,2021-09-10,8.70000,8.71000,8.68000,8.68000,81100
404,2021-09-09,8.67000,8.69000,8.65000,8.68000,67800
405,2021-09-08,8.70000,8.70000,8.65000,8.67000,80600
406,2021-09-07,8.66000,8.68000,8.65000,8.68000,53700
407,2021-09-03,8.68000,8.68000,8.65000,8.65000,73200
408,2021-09-02,8.67000,8.69000,8.65000,8.69000,42300
409,2021-09-01,8.66000,8.69000,8.65000,8.65000,67700
410,2021-08-31,8.68000,8.68000,8.66000,8.66000,98700
411,2021-08-30,8.65000,8.68000,8.64000,8.66000,79200
412,2021-08-27,8.66000,8.68000,8.62000,8.65000,56100
413,2021-08-26,8.64000,8.66000,8.64000,8.65000,33900
414,2021-08-25,8.68000,8.68000,8.62000,8.64000,61900
415,2021-08-24,8.68000,8.68000,8.63000,8.68000,115200
416,2021-08-23,8.68000,8.68000,8.64000,8.66000,57400
417,2021-08-20,8.65000,8.67000,8.62000,8.64000,57700
418,2021-08-19,8.64000,8.66000,8.62000,8.63000,55500
419,2021-08-18,8.65000,8.66000,8.63000,8.64000,49200
420,2021-08-17,8.62000,8.64000,8.62000,8.63000,62800
421,2021-08-16,8.67000,8.76000,8.66000,8.69000,87100
422,2021-08-13,8.76000,8.76000,8.66000,8.67000,84800
423,2021-08-12,8.73000,8.74000,8.70000,8.73000,30900
424,2021-08-11,8.65000,8.73000,8.62000,8.72000,84700
425,2021-08-10,8.75000,8.76000,8.67000,8.75000,39400
426,2021-08-09,8.74000,8.76000,8.70000,8.74000,47600
427,2021-08-06,8.73000,8.74000,8.67000,8.74000,48100
428,2021-08-05,8.73000,8.73000,8.63000,8.70000,79700
429,2021-08-04,8.73000,8.73000,8.67000,8.71000,73400
430,2021-08-03,8.66000,8.68000,8.63000,8.66000,75300
431,2021-08-02,8.67000,8.68000,8.63000,8.67000,102200
432,2021-07-30,8.65000,8.67000,8.61000,8.67000,69500
433,2021-07-29,8.56000,8.63000,8.56000,8.62000,54700
434,2021-07-28,8.50000,8.60000,8.50000,8.59000,68700
435,2021-07-27,8.53000,8.55000,8.45000,8.52000,147900
436,2021-07-26,8.60000,8.60000,8.51000,8.52000,95500
437,2021-07-23,8.61000,8.63000,8.56000,8.58000,50800
438,2021-07-22,8.58000,8.62000,8.57000,8.61000,46700
439,2021-07-21,8.54000,8.61000,8.54000,8.55000,104600
440,2021-07-20,8.52000,8.55000,8.51000,8.55000,49800
441,2021-07-19,8.57000,8.60000,8.48000,8.48000,132800
442,2021-07-16,8.61000,8.63000,8.60000,8.61000,29100
443,2021-07-15,8.66000,8.69000,8.59000,8.62000,72800
444,2021-07-14,8.67000,8.70000,8.63000,8.66000,52900
445,2021-07-13,8.81000,8.83000,8.65000,8.68000,246200
446,2021-07-12,8.83000,8.87000,8.80000,8.84000,75100
447,2021-07-09,8.78000,8.83000,8.77000,8.82000,81600
448,2021-07-08,8.81000,8.81000,8.74000,8.80000,32600
449,2021-07-07,8.82000,8.84000,8.73000,8.82000,85000
450,2021-07-06,8.75000,8.84000,8.71000,8.82000,115200
451,2021-07-02,8.73000,8.74000,8.71000,8.73000,40300
452,2021-07-01,8.74000,8.74000,8.70000,8.70000,73600
453,2021-06-30,8.74000,8.75000,8.67000,8.74000,156400
454,2021-06-29,8.60000,8.70000,8.60000,8.69000,71600
455,2021-06-28,8.64000,8.68000,8.62000,8.67000,46300
456,2021-06-25,8.65000,8.65000,8.60000,8.62000,56000
457,2021-06-24,8.63000,8.66000,8.60000,8.66000,88600
458,2021-06-23,8.60000,8.64000,8.58000,8.59000,107100
459,2021-06-22,8.63000,8.64000,8.60000,8.62000,77500
460,2021-06-21,8.69000,8.69000,8.62000,8.65000,60600
461,2021-06-18,8.64000,8.71000,8.61000,8.70000,73700
462,2021-06-17,8.62000,8.65000,8.62000,8.64000,40600
463,2021-06-16,8.73000,8.76000,8.65000,8.65000,87300
464,2021-06-15,8.71000,8.72000,8.70000,8.71000,51900
465,2021-06-14,8.72000,8.75000,8.71000,8.74000,108700
466,2021-06-11,8.78000,8.80000,8.71000,8.72000,89400
467,2021-06-10,8.72000,8.75000,8.72000,8.73000,47500
468,2021-06-09,8.70000,8.72000,8.70000,8.70000,69600
469,2021-06-08,8.70000,8.71000,8.69000,8.70000,71900
470,2021-06-07,8.71000,8.72000,8.70000,8.70000,71700
471,2021-06-04,8.72000,8.74000,8.71000,8.72000,54400
472,2021-06-03,8.75000,8.75000,8.66000,8.72000,65600
473,2021-06-02,8.71000,8.75000,8.70000,8.73000,52400
474,2021-06-01,8.79000,8.79000,8.71000,8.71000,79900
475,2021-05-28,8.86000,8.86000,8.70000,8.79000,230700
476,2021-05-27,8.89000,8.91000,8.77000,8.82000,142200
477,2021-05-26,8.92000,8.98000,8.88000,8.90000,89200
478,2021-05-25,8.93000,8.96000,8.93000,8.94000,34100
479,2021-05-24,8.94000,8.98000,8.94000,8.94000,43000
480,2021-05-21,8.91000,8.98000,8.91000,8.94000,125900
481,2021-05-20,8.90000,8.92000,8.88000,8.91000,43600
482,2021-05-19,8.87000,8.92000,8.84000,8.90000,80700
483,2021-05-18,8.97000,8.97000,8.82000,8.87000,107700
484,2021-05-17,8.95000,8.98000,8.94000,8.96000,49900
485,2021-05-14,9.00000,9.00000,8.89000,8.93000,94500
486,2021-05-13,8.93000,8.93000,8.88000,8.90000,76400
487,2021-05-12,8.90000,8.92000,8.81000,8.89000,162900
488,2021-05-11,8.94000,8.94000,8.87000,8.91000,48200
489,2021-05-10,8.99000,8.99000,8.91000,8.94000,80400
490,2021-05-07,8.95000,8.97000,8.87000,8.94000,104600
491,2021-05-06,8.88000,8.91000,8.87000,8.89000,40700
492,2021-05-05,8.89000,8.91000,8.86000,8.89000,58700
493,2021-05-04,8.92000,8.92000,8.85000,8.88000,42200
494,2021-05-03,8.92000,8.94000,8.88000,8.90000,76100
495,2021-04-30,8.86000,8.92000,8.83000,8.92000,75000
496,2021-04-29,8.81000,8.82000,8.78000,8.82000,90300
497,2021-04-28,8.76000,8.79000,8.75000,8.78000,64800
498,2021-04-27,8.74000,8.80000,8.73000,8.80000,35700
499,2021-04-26,8.72000,8.74000,8.72000,8.73000,115200
500,2021-04-23,8.72000,8.73000,8.70000,8.73000,101200
501,2021-04-22,8.67000,8.72000,8.65000,8.71000,69100
502,2021-04-21,8.72000,8.73000,8.64000,8.67000,73300
503,2021-04-20,8.68000,8.72000,8.56000,8.72000,145900
504,2021-04-19,8.57000,8.69000,8.55000,8.65000,74100
505,2021-04-16,8.55000,8.58000,8.53000,8.56000,64900
506,2021-04-15,8.53000,8.58000,8.52000,8.55000,117900
507,2021-04-14,8.51000,8.53000,8.50000,8.52000,34200
508,2021-04-13,8.41000,8.53000,8.41000,8.50000,139200
509,2021-04-12,8.54000,8.55000,8.51000,8.53000,121000
510,2021-04-09,8.52000,8.53000,8.50000,8.52000,113400
511,2021-04-08,8.51000,8.54000,8.49000,8.51000,92500
512,2021-04-07,8.55000,8.57000,8.48000,8.48000,76400
513,2021-04-06,8.54000,8.54000,8.50000,8.53000,67100
514,2021-04-05,8.51000,8.55000,8.49000,8.50000,80900
515,2021-04-01,8.55000,8.58000,8.51000,8.51000,109400
516,2021-03-31,8.62000,8.63000,8.54000,8.54000,135500
517,2021-03-30,8.55000,8.60000,8.53000,8.55000,80900
518,2021-03-29,8.48000,8.62000,8.48000,8.58000,46000
519,2021-03-26,8.48000,8.53000,8.47000,8.49000,53200
520,2021-03-25,8.47000,8.50000,8.47000,8.48000,83200
521,2021-03-24,8.47000,8.50000,8.46000,8.46000,70000
522,2021-03-23,8.45000,8.52000,8.45000,8.46000,49300
523,2021-03-22,8.48000,8.49000,8.45000,8.45000,20600
524,2021-03-19,8.49000,8.50000,8.41000,8.45000,67100
525,2021-03-18,8.64000,8.64000,8.47000,8.50000,111500
526,2021-03-17,8.69000,8.69000,8.65000,8.68000,37700
527,2021-03-16,8.71000,8.71000,8.64000,8.71000,62500
528,2021-03-15,8.68000,8.73000,8.68000,8.71000,43800
529,2021-03-12,8.71000,8.74000,8.63000,8.69000,89200
530,2021-03-12,8.71000,8.74000,8.63000,8.69000,89200
531,2021-03-11,8.68000,8.82000,8.66000,8.74000,107500
532,2021-03-11,8.68000,8.82000,8.66000,8.74000,107500
533,2021-03-10,8.59000,8.71000,8.58000,8.69000,118200
534,2021-03-10,8.59000,8.71000,8.58000,8.69000,118200
535,2021-03-09,8.57000,8.61000,8.56000,8.61000,60500
536,2021-03-09,8.57000,8.61000,8.56000,8.61000,60500
537,2021-03-08,8.54000,8.56000,8.52000,8.54000,53000
538,2021-03-08,8.54000,8.56000,8.52000,8.54000,53000
539,2021-03-05,8.65000,8.65000,8.50000,8.55000,70600
540,2021-03-05,8.65000,8.65000,8.50000,8.55000,70600
541,2021-03-04,8.62000,8.64000,8.56000,8.60000,76100
542,2021-03-04,8.62000,8.64000,8.56000,8.60000,76100
543,2021-03-03,8.60000,8.69000,8.56000,8.64000,84100
544,2021-03-03,8.60000,8.69000,8.56000,8.64000,84100
545,2021-03-02,8.53000,8.61000,8.52000,8.58000,75500
546,2021-03-02,8.53000,8.61000,8.52000,8.58000,75500
547,2021-03-01,8.53000,8.57000,8.52000,8.56000,35000
548,2021-03-01,8.53000,8.57000,8.52000,8.56000,35000
549,2021-02-26,8.51000,8.54000,8.46000,8.49000,88800
550,2021-02-26,8.51000,8.54000,8.46000,8.49000,88800
551,2021-02-25,8.53000,8.53000,8.40000,8.46000,73800
552,2021-02-25,8.53000,8.53000,8.40000,8.46000,73800
553,2021-02-24,8.57000,8.57000,8.31000,8.54000,312500
554,2021-02-24,8.57000,8.57000,8.31000,8.54000,312500
555,2021-02-23,8.68000,8.69000,8.48000,8.53000,124100
556,2021-02-23,8.68000,8.69000,8.48000,8.53000,124100
557,2021-02-22,8.75000,8.81000,8.70000,8.72000,47300
558,2021-02-22,8.75000,8.81000,8.70000,8.72000,47300
559,2021-02-19,8.77000,8.80000,8.73000,8.74000,58600
560,2021-02-19,8.77000,8.80000,8.73000,8.74000,58600
561,2021-02-18,8.79000,8.88000,8.71000,8.79000,54700
562,2021-02-18,8.79000,8.88000,8.71000,8.79000,54700
563,2021-02-17,8.80000,8.86000,8.80000,8.82000,43400
564,2021-02-17,8.80000,8.86000,8.80000,8.82000,43400
565,2021-02-16,8.90000,8.90000,8.84000,8.85000,68200
566,2021-02-16,8.90000,8.90000,8.84000,8.85000,68200
567,2021-02-12,8.99000,9.00000,8.95000,8.97000,51300
568,2021-02-12,8.99000,9.00000,8.95000,8.97000,51300
569,2021-02-11,9.01000,9.03000,8.97000,8.99000,52600
570,2021-02-11,9.01000,9.03000,8.97000,8.99000,52600
571,2021-02-10,8.98000,9.02000,8.98000,9.01000,75100
572,2021-02-10,8.98000,9.02000,8.98000,9.01000,75100
573,2021-02-09,8.99000,9.02000,8.96000,8.98000,128300
574,2021-02-09,8.99000,9.02000,8.96000,8.98000,128300
575,2021-02-08,8.98000,9.09000,8.93000,9.03000,76900
576,2021-02-08,8.98000,9.09000,8.93000,9.03000,76900
577,2021-02-05,8.89000,8.96000,8.89000,8.94000,55500
578,2021-02-05,8.89000,8.96000,8.89000,8.94000,55500
579,2021-02-04,8.77000,8.99000,8.77000,8.91000,116000
580,2021-02-04,8.77000,8.99000,8.77000,8.91000,116000
581,2021-02-03,8.79000,8.84000,8.73000,8.74000,74000
582,2021-02-03,8.79000,8.84000,8.73000,8.74000,74000
583,2021-02-02,8.73000,8.86000,8.73000,8.81000,50700
584,2021-02-02,8.73000,8.86000,8.73000,8.81000,50700
585,2021-02-01,8.76000,8.76000,8.71000,8.74000,83900
586,2021-02-01,8.76000,8.76000,8.71000,8.74000,83900
587,2021-01-29,8.77000,8.77000,8.71000,8.75000,76700
588,2021-01-29,8.77000,8.77000,8.71000,8.75000,76700
589,2021-01-28,8.74000,8.77000,8.72000,8.77000,67800
590,2021-01-28,8.74000,8.77000,8.72000,8.77000,67800
591,2021-01-27,8.79000,8.79000,8.71000,8.77000,56800
592,2021-01-27,8.79000,8.79000,8.71000,8.77000,56800
593,2021-01-26,8.77000,8.77000,8.69000,8.77000,43200
594,2021-01-26,8.77000,8.77000,8.69000,8.77000,43200
595,2021-01-25,8.70000,8.71000,8.65000,8.71000,75700
596,2021-01-25,8.70000,8.71000,8.65000,8.71000,75700
597,2021-01-22,8.65000,8.80000,8.65000,8.69000,70600
598,2021-01-22,8.65000,8.80000,8.65000,8.69000,70600
599,2021-01-21,8.62000,8.65000,8.61000,8.64000,52100
600,2021-01-21,8.62000,8.65000,8.61000,8.64000,52100
601,2021-01-20,8.66000,8.71000,8.62000,8.63000,76600
602,2021-01-20,8.66000,8.71000,8.62000,8.63000,76600
603,2021-01-19,8.67000,8.73000,8.66000,8.69000,58500
604,2021-01-19,8.67000,8.73000,8.66000,8.69000,58500
605,2021-01-15,8.78000,8.78000,8.63000,8.64000,63100
606,2021-01-15,8.78000,8.78000,8.63000,8.64000,63100
607,2021-01-14,8.60000,8.75000,8.60000,8.69000,62700
608,2021-01-14,8.60000,8.75000,8.60000,8.69000,62700
609,2021-01-13,8.62000,8.62000,8.56000,8.58000,55500
610,2021-01-13,8.62000,8.62000,8.56000,8.58000,55500
611,2021-01-12,8.63000,8.65000,8.56000,8.58000,53500
612,2021-01-12,8.63000,8.65000,8.56000,8.58000,53500
613,2021-01-11,8.61000,8.70000,8.56000,8.66000,79300
614,2021-01-11,8.61000,8.70000,8.56000,8.66000,79300
615,2021-01-08,8.56000,8.68000,8.52000,8.65000,50200
616,2021-01-08,8.56000,8.68000,8.52000,8.65000,50200
617,2021-01-07,8.63000,8.64000,8.51000,8.57000,159100
618,2021-01-07,8.63000,8.64000,8.51000,8.57000,159100
619,2021-01-06,8.65000,8.72000,8.57000,8.65000,80500
620,2021-01-06,8.65000,8.72000,8.57000,8.65000,80500
621,2021-01-05,8.69000,8.71000,8.63000,8.68000,53300
622,2021-01-05,8.69000,8.71000,8.63000,8.68000,53300
623,2021-01-04,8.77000,8.77000,8.66000,8.68000,99400
624,2021-01-04,8.77000,8.77000,8.66000,8.68000,99400
625,2020-12-31,8.76000,8.79000,8.69000,8.77000,137200
626,2020-12-31,8.76000,8.79000,8.69000,8.77000,137200
627,2020-12-30,8.67000,8.69000,8.63000,8.67000,57100
628,2020-12-30,8.67000,8.69000,8.63000,8.67000,57100
629,2020-12-29,8.55000,8.79000,8.52000,8.61000,110700
630,2020-12-29,8.55000,8.79000,8.52000,8.61000,110700
631,2020-12-28,8.47000,8.53000,8.44000,8.52000,68600
632,2020-12-28,8.47000,8.53000,8.44000,8.52000,68600
633,2020-12-24,8.46000,8.47000,8.43000,8.45000,19300
634,2020-12-24,8.46000,8.47000,8.43000,8.45000,19300
635,2020-12-23,8.41000,8.47000,8.41000,8.44000,44000
636,2020-12-23,8.41000,8.47000,8.41000,8.44000,44000
637,2020-12-22,8.41000,8.44000,8.39000,8.41000,83600
638,2020-12-22,8.41000,8.44000,8.39000,8.41000,83600
639,2020-12-21,8.45000,8.45000,8.40000,8.41000,72200
640,2020-12-21,8.45000,8.45000,8.40000,8.41000,72200
641,2020-12-18,8.47000,8.47000,8.42000,8.42000,67400
642,2020-12-18,8.47000,8.47000,8.42000,8.42000,67400
643,2020-12-17,8.43000,8.46000,8.43000,8.44000,58500
644,2020-12-17,8.43000,8.46000,8.43000,8.44000,58500
645,2020-12-16,8.50000,8.52000,8.42000,8.43000,108900
646,2020-12-16,8.50000,8.52000,8.42000,8.43000,108900
647,2020-12-15,8.59000,8.60000,8.53000,8.55000,74200
648,2020-12-15,8.59000,8.60000,8.53000,8.55000,74200
649,2020-12-14,8.64000,8.64000,8.52000,8.60000,131800
650,2020-12-14,8.64000,8.64000,8.52000,8.60000,131800
651,2020-12-11,8.51000,8.60000,8.49000,8.58000,203600
652,2020-12-11,8.51000,8.60000,8.49000,8.58000,203600
653,2020-12-10,8.50000,8.50000,8.46000,8.49000,54600
654,2020-12-10,8.50000,8.50000,8.46000,8.49000,54600
655,2020-12-09,8.48000,8.50000,8.47000,8.47000,146500
656,2020-12-09,8.48000,8.50000,8.47000,8.47000,146500
657,2020-12-08,8.47000,8.50000,8.46000,8.48000,110900
658,2020-12-08,8.47000,8.50000,8.46000,8.48000,110900
659,2020-12-07,8.46000,8.50000,8.45000,8.46000,113300
660,2020-12-07,8.46000,8.50000,8.45000,8.46000,113300
661,2020-12-04,8.52000,8.52000,8.45000,8.51000,100500
662,2020-12-04,8.52000,8.52000,8.45000,8.51000,100500
663,2020-12-03,8.50000,8.52000,8.47000,8.52000,76500
664,2020-12-03,8.50000,8.52000,8.47000,8.52000,76500
665,2020-12-02,8.55000,8.58000,8.46000,8.49000,214800
666,2020-12-02,8.55000,8.58000,8.46000,8.49000,214800
667,2020-12-01,8.51000,8.63000,8.50000,8.59000,99200
668,2020-12-01,8.51000,8.63000,8.50000,8.59000,99200
669,2020-11-30,8.51000,8.53000,8.47000,8.53000,80300
670,2020-11-30,8.51000,8.53000,8.47000,8.53000,80300
671,2020-11-27,8.51000,8.51000,8.39000,8.50000,89800
672,2020-11-27,8.51000,8.51000,8.39000,8.50000,89800
673,2020-11-25,8.44000,8.50000,8.43000,8.50000,62700
674,2020-11-25,8.44000,8.50000,8.43000,8.50000,62700
675,2020-11-24,8.51000,8.51000,8.41000,8.47000,75900
676,2020-11-24,8.51000,8.51000,8.41000,8.47000,75900
677,2020-11-23,8.44000,8.46000,8.40000,8.45000,55200
678,2020-11-23,8.44000,8.46000,8.40000,8.45000,55200
679,2020-11-20,8.46000,8.48000,8.42000,8.43000,69200
680,2020-11-20,8.46000,8.48000,8.42000,8.43000,69200
681,2020-11-19,8.48000,8.50000,8.46000,8.48000,39900
682,2020-11-19,8.48000,8.50000,8.46000,8.48000,39900
683,2020-11-18,8.44000,8.50000,8.44000,8.50000,53800
684,2020-11-18,8.44000,8.50000,8.44000,8.50000,53800
685,2020-11-17,8.45000,8.46000,8.42000,8.45000,50300
686,2020-11-17,8.45000,8.46000,8.42000,8.45000,50300
687,2020-11-16,8.50000,8.50000,8.47000,8.48000,88300
688,2020-11-16,8.50000,8.50000,8.47000,8.48000,88300
689,2020-11-13,8.49000,8.50000,8.48000,8.49000,74200
690,2020-11-13,8.49000,8.50000,8.48000,8.49000,74200
691,2020-11-12,8.49000,8.49000,8.43000,8.46000,46700
692,2020-11-12,8.49000,8.49000,8.43000,8.46000,46700
693,2020-11-11,8.49000,8.49000,8.45000,8.45000,83300
694,2020-11-11,8.49000,8.49000,8.45000,8.45000,83300
695,2020-11-10,8.45000,8.49000,8.44000,8.48000,66000
696,2020-11-10,8.45000,8.49000,8.44000,8.48000,66000
697,2020-11-09,8.47000,8.49000,8.45000,8.48000,104200
698,2020-11-09,8.47000,8.49000,8.45000,8.48000,104200
699,2020-11-06,8.47000,8.47000,8.45000,8.47000,46300
700,2020-11-06,8.47000,8.47000,8.45000,8.47000,46300
701,2020-11-05,8.44000,8.47000,8.44000,8.47000,58300
702,2020-11-05,8.44000,8.47000,8.44000,8.47000,58300
703,2020-11-04,8.37000,8.44000,8.37000,8.39000,55500
704,2020-11-04,8.37000,8.44000,8.37000,8.39000,55500
705,2020-11-03,8.24000,8.47000,8.21000,8.36000,90500
706,2020-11-03,8.24000,8.47000,8.21000,8.36000,90500
707,2020-11-02,8.19000,8.24000,8.16000,8.21000,90700
708,2020-11-02,8.19000,8.24000,8.16000,8.21000,90700
709,2020-10-30,8.00000,8.17000,7.91000,8.16000,147300
710,2020-10-29,8.01000,8.10000,7.99000,8.04000,80400
711,2020-10-28,8.12000,8.18000,8.01000,8.03000,99900
712,2020-10-27,8.20000,8.22000,8.17000,8.21000,34400
713,2020-10-26,8.24000,8.24000,8.13000,8.22000,42700
714,2020-10-23,8.19000,8.27000,8.19000,8.23000,33200
715,2020-10-22,8.20000,8.22000,7.80000,8.21000,30300
716,2020-10-21,8.20000,8.22000,8.20000,8.21000,31700
717,2020-10-20,8.17000,8.23000,8.17000,8.21000,35200
718,2020-10-19,8.22000,8.25000,8.17000,8.17000,80900
719,2020-10-16,8.24000,8.25000,8.22000,8.22000,90900
720,2020-10-15,8.27000,8.27000,8.22000,8.25000,67200
721,2020-10-14,8.26000,8.29000,8.24000,8.26000,49900
722,2020-10-13,8.24000,8.26000,8.22000,8.26000,33700
723,2020-10-12,8.30000,8.36000,8.30000,8.32000,41000
724,2020-10-09,8.28000,8.34000,8.27000,8.31000,87900
725,2020-10-08,8.22000,8.30000,8.22000,8.23000,47400
726,2020-10-07,8.21000,8.25000,8.20000,8.25000,58100
727,2020-10-06,8.12000,8.18000,8.10000,8.13000,108800
728,2020-10-05,8.15000,8.18000,8.12000,8.14000,83600
729,2020-10-02,8.11000,8.20000,8.07000,8.12000,59200
730,2020-10-01,8.01000,8.09000,8.01000,8.07000,85800
731,2020-09-30,8.14000,8.14000,8.01000,8.01000,111400
732,2020-09-29,8.04000,8.09000,8.01000,8.05000,103300
733,2020-09-28,8.10000,8.17000,8.10000,8.11000,66300
734,2020-09-25,8.09000,8.10000,8.03000,8.10000,79100
735,2020-09-24,8.20000,8.20000,8.00000,8.10000,73900
736,2020-09-23,8.30000,8.35000,8.17000,8.17000,62700
737,2020-09-22,8.30000,8.35000,8.30000,8.32000,55200
738,2020-09-21,8.37000,8.37000,8.30000,8.32000,56500
739,2020-09-18,8.35000,8.37000,8.35000,8.35000,30800
740,2020-09-17,8.33000,8.36000,8.33000,8.35000,36200
741,2020-09-16,8.35000,8.37000,8.34000,8.34000,75200
742,2020-09-15,8.34000,8.40000,8.33000,8.35000,58500
743,2020-09-14,8.42000,8.43000,8.36000,8.36000,61300
744,2020-09-11,8.40000,8.44000,8.38000,8.38000,47000
745,2020-09-10,8.51000,8.53000,8.39000,8.39000,130200
746,2020-09-09,8.53000,8.57000,8.50000,8.50000,57300
747,2020-09-08,8.57000,8.57000,8.50000,8.51000,38200
748,2020-09-04,8.47000,8.60000,8.42000,8.57000,50800
749,2020-09-03,8.60000,8.62000,8.40000,8.51000,168600
750,2020-09-02,8.63000,8.64000,8.57000,8.62000,67900
751,2020-09-01,8.55000,8.63000,8.51000,8.62000,119800
752,2020-08-31,8.58000,8.58000,8.52000,8.52000,88500
753,2020-08-28,8.52000,8.55000,8.52000,8.54000,25300
754,2020-08-27,8.56000,8.57000,8.52000,8.52000,99200
755,2020-08-26,8.52000,8.54000,8.50000,8.51000,38400
756,2020-08-25,8.47000,8.53000,8.45000,8.52000,64500
757,2020-08-24,8.49000,8.49000,8.45000,8.48000,33600
758,2020-08-21,8.53000,8.53000,8.44000,8.45000,54500
759,2020-08-20,8.56000,8.61000,8.48000,8.49000,178700
760,2020-08-19,8.62000,8.64000,8.56000,8.59000,126200
761,2020-08-18,8.69000,8.69000,8.62000,8.63000,74200
762,2020-08-17,8.69000,8.77000,8.68000,8.74000,104800
763,2020-08-14,8.68000,8.70000,8.64000,8.68000,97900
764,2020-08-13,8.57000,8.66000,8.57000,8.66000,72700
765,2020-08-12,8.60000,8.61000,8.54000,8.60000,58300
766,2020-08-11,8.67000,8.68000,8.60000,8.61000,90700
767,2020-08-10,8.62000,8.67000,8.60000,8.66000,115300
768,2020-08-07,8.62000,8.65000,8.62000,8.63000,78900
769,2020-08-06,8.67000,8.68000,8.60000,8.66000,73400
770,2020-08-05,8.60000,8.67000,8.60000,8.67000,89900
771,2020-08-04,8.51000,8.65000,8.51000,8.61000,89700
772,2020-08-03,8.52000,8.64000,8.49000,8.52000,159900
773,2020-07-31,8.50000,8.50000,8.48000,8.50000,70100
774,2020-07-30,8.43000,8.47000,8.40000,8.45000,147500
775,2020-07-29,8.37000,8.46000,8.35000,8.43000,68400
776,2020-07-28,8.37000,8.37000,8.35000,8.37000,99000
777,2020-07-27,8.36000,8.39000,8.33000,8.37000,123800
778,2020-07-24,8.31000,8.35000,8.29000,8.34000,73300
779,2020-07-23,8.24000,8.32000,8.24000,8.31000,127100
780,2020-07-22,8.24000,8.26000,8.24000,8.25000,58500
781,2020-07-21,8.16000,8.23000,8.16000,8.23000,68400
782,2020-07-20,8.06000,8.23000,8.04000,8.17000,150800
783,2020-07-17,8.06000,8.11000,8.05000,8.08000,48200
784,2020-07-16,8.08000,8.10000,8.03000,8.09000,36100
785,2020-07-15,8.02000,8.10000,8.02000,8.08000,99700
786,2020-07-14,8.03000,8.05000,8.00000,8.01000,93100
787,2020-07-13,8.10000,8.16000,8.09000,8.09000,80600
788,2020-07-10,8.08000,8.11000,8.05000,8.11000,40000
789,2020-07-09,8.11000,8.14000,8.08000,8.08000,86800
790,2020-07-08,8.12000,8.14000,8.10000,8.10000,62400
791,2020-07-07,8.15000,8.16000,8.10000,8.14000,78800
792,2020-07-06,8.13000,8.17000,8.05000,8.15000,108100
793,2020-07-02,8.06000,8.11000,8.06000,8.08000,54800
794,2020-07-01,7.96000,8.15000,7.96000,8.07000,87900
795,2020-06-30,8.05000,8.08000,7.95000,7.95000,329200
796,2020-06-29,8.06000,8.07000,8.00000,8.01000,69100
797,2020-06-26,8.16000,8.16000,8.04000,8.08000,56800
798,2020-06-25,8.14000,8.15000,8.11000,8.14000,77600
799,2020-06-24,8.18000,8.18000,8.11000,8.16000,60600
800,2020-06-23,8.13000,8.20000,8.10000,8.20000,100900
801,2020-06-22,8.13000,8.15000,8.11000,8.13000,84300
802,2020-06-19,8.17000,8.17000,8.12000,8.15000,51900
803,2020-06-18,8.14000,8.15000,8.10000,8.15000,113700
804,2020-06-17,8.24000,8.25000,8.14000,8.14000,34800
805,2020-06-16,8.24000,8.26000,8.21000,8.22000,26900
806,2020-06-15,8.10000,8.20000,8.06000,8.20000,44800
807,2020-06-12,8.22000,8.23000,8.14000,8.19000,32700
808,2020-06-11,8.39000,8.39000,8.13000,8.14000,61400
809,2020-06-10,8.45000,8.45000,8.40000,8.45000,82100
810,2020-06-09,8.46000,8.49000,8.41000,8.47000,68500
811,2020-06-08,8.40000,8.50000,8.39000,8.46000,78700
812,2020-06-05,8.40000,8.49000,8.38000,8.44000,104200
813,2020-06-04,8.39000,8.40000,8.32000,8.37000,112100
814,2020-06-03,8.39000,8.45000,8.39000,8.41000,193900
815,2020-06-02,8.37000,8.39000,8.37000,8.38000,180600
816,2020-06-01,8.30000,8.38000,8.30000,8.37000,115200
817,2020-05-29,8.28000,8.34000,8.23000,8.30000,116200
818,2020-05-28,8.16000,8.32000,8.16000,8.24000,99800
819,2020-05-27,8.13000,8.20000,8.11000,8.20000,78400
820,2020-05-26,8.15000,8.19000,8.10000,8.13000,65000
821,2020-05-22,8.07000,8.09000,8.04000,8.08000,62600
822,2020-05-21,8.03000,8.11000,8.02000,8.05000,87600
823,2020-05-20,8.02000,8.07000,8.00000,8.07000,71700
824,2020-05-19,7.88000,8.03000,7.88000,7.99000,77900
825,2020-05-18,7.83000,7.94000,7.83000,7.93000,59100
826,2020-05-15,7.75000,7.80000,7.75000,7.78000,51600
827,2020-05-14,7.90000,7.90000,7.72000,7.79000,154500
828,2020-05-13,7.98000,7.99000,7.90000,7.95000,152500
829,2020-05-12,7.95000,8.01000,7.95000,7.98000,152900
830,2020-05-11,7.95000,8.02000,7.95000,7.98000,53300
831,2020-05-08,7.98000,8.05000,7.95000,7.98000,115500
832,2020-05-07,7.93000,8.02000,7.93000,7.99000,67000
833,2020-05-06,7.88000,7.94000,7.87000,7.89000,99400
834,2020-05-05,7.90000,7.95000,7.88000,7.90000,181900
835,2020-05-04,7.81000,7.90000,7.81000,7.89000,111200
836,2020-05-01,7.82000,7.87000,7.78000,7.87000,156000
837,2020-04-30,7.87000,7.88000,7.81000,7.83000,207300
838,2020-04-29,7.77000,7.87000,7.75000,7.84000,65100
839,2020-04-28,7.71000,7.94000,7.71000,7.73000,122600
840,2020-04-27,7.72000,7.75000,7.66000,7.66000,219700
841,2020-04-24,7.72000,7.74000,7.70000,7.72000,91300
842,2020-04-23,7.73000,7.73000,7.68000,7.71000,550900
843,2020-04-22,7.67000,7.71000,7.66000,7.70000,152300
844,2020-04-21,7.62000,7.70000,7.54000,7.63000,189400
845,2020-04-20,7.62000,7.73000,7.60000,7.72000,207300
846,2020-04-17,7.75000,7.75000,7.66000,7.66000,135600
847,2020-04-16,7.63000,7.70000,7.52000,7.67000,155200
848,2020-04-15,7.46000,7.66000,7.46000,7.63000,82500
849,2020-04-14,7.62000,7.80000,7.62000,7.68000,73900
850,2020-04-13,7.71000,7.74000,7.52000,7.65000,120400
851,2020-04-09,7.70000,7.89000,7.70000,7.74000,247000
852,2020-04-08,7.46000,7.65000,7.44000,7.58000,252100
853,2020-04-07,7.44000,7.50000,7.42000,7.46000,238500
854,2020-04-06,7.21000,7.42000,7.19000,7.33000,251600
855,2020-04-03,7.17000,7.19000,7.12000,7.17000,398100
856,2020-04-02,7.08000,7.26000,7.08000,7.23000,373500
857,2020-04-01,7.29000,7.30000,7.09000,7.16000,336000
858,2020-03-31,7.30000,7.45000,7.24000,7.40000,534300
859,2020-03-30,6.95000,7.31000,6.95000,7.30000,185200
860,2020-03-27,6.92000,7.17000,6.92000,7.00000,191300
861,2020-03-26,7.23000,7.23000,7.10000,7.20000,184200
862,2020-03-25,6.68000,7.19000,6.59000,7.06000,291800
863,2020-03-24,6.38000,6.72000,6.38000,6.61000,382200
864,2020-03-23,6.09000,6.29000,6.09000,6.16000,839600
865,2020-03-20,6.13000,6.94000,6.13000,6.27000,235000
866,2020-03-19,5.67000,6.13000,5.49000,5.95000,443000
867,2020-03-18,6.73000,6.78000,5.73000,5.80000,693600
868,2020-03-17,6.93000,6.93000,6.73000,6.88000,317900
869,2020-03-16,6.28000,7.04000,6.28000,6.85000,208700
870,2020-03-13,7.15000,7.40000,7.14000,7.39000,254800
871,2020-03-12,7.50000,7.50000,6.92000,7.05000,547100
872,2020-03-11,8.01000,8.03000,7.70000,7.77000,155900
873,2020-03-10,7.96000,8.05000,7.88000,8.05000,155700
874,2020-03-09,8.09000,8.09000,7.70000,7.87000,230200
875,2020-03-06,8.17000,8.29000,8.13000,8.22000,174400
876,2020-03-06,8.17000,8.29000,8.13000,8.22000,174400
877,2020-03-05,8.30000,8.34000,8.24000,8.24000,120100
878,2020-03-05,8.30000,8.34000,8.24000,8.24000,120100
879,2020-03-04,8.28000,8.36000,8.28000,8.36000,86100
880,2020-03-04,8.28000,8.36000,8.28000,8.36000,86100
881,2020-03-03,8.36000,8.38000,8.20000,8.25000,237500
882,2020-03-03,8.36000,8.38000,8.20000,8.25000,237500
883,2020-03-02,8.08000,8.33000,8.06000,8.26000,186200
884,2020-03-02,8.08000,8.33000,8.06000,8.26000,186200
885,2020-02-28,8.27000,8.27000,7.91000,8.00000,359100
886,2020-02-28,8.27000,8.27000,7.91000,8.00000,359100
887,2020-02-27,8.37000,8.37000,8.24000,8.29000,123000
888,2020-02-27,8.37000,8.37000,8.24000,8.29000,123000
889,2020-02-26,8.31000,8.42000,8.31000,8.38000,182800
890,2020-02-26,8.31000,8.42000,8.31000,8.38000,182800
891,2020-02-25,8.56000,8.56000,8.27000,8.31000,272200
892,2020-02-25,8.56000,8.56000,8.27000,8.31000,272200
893,2020-02-24,8.52000,8.56000,8.51000,8.55000,185900
894,2020-02-24,8.52000,8.56000,8.51000,8.55000,185900
895,2020-02-21,8.54000,8.58000,8.54000,8.57000,213600
896,2020-02-21,8.54000,8.58000,8.54000,8.57000,213600
897,2020-02-20,8.55000,8.57000,8.55000,8.57000,63300
898,2020-02-20,8.55000,8.57000,8.55000,8.57000,63300
899,2020-02-19,8.55000,8.57000,8.54000,8.57000,70300
900,2020-02-19,8.55000,8.57000,8.54000,8.57000,70300
901,2020-02-18,8.51000,8.55000,8.50000,8.55000,157400
902,2020-02-18,8.51000,8.55000,8.50000,8.55000,157400
903,2020-02-14,8.56000,8.59000,8.54000,8.55000,135600
904,2020-02-14,8.56000,8.59000,8.54000,8.55000,135600
905,2020-02-13,8.57000,8.60000,8.56000,8.58000,130800
906,2020-02-13,8.57000,8.60000,8.56000,8.58000,130800
907,2020-02-12,8.56000,8.57000,8.55000,8.57000,124000
908,2020-02-12,8.56000,8.57000,8.55000,8.57000,124000
909,2020-02-11,8.59000,8.59000,8.55000,8.58000,89700
910,2020-02-11,8.59000,8.59000,8.55000,8.58000,89700
911,2020-02-10,8.54000,8.59000,8.53000,8.59000,203000
912,2020-02-10,8.54000,8.59000,8.53000,8.59000,203000
913,2020-02-07,8.53000,8.54000,8.52000,8.53000,82600
914,2020-02-07,8.53000,8.54000,8.52000,8.53000,82600
915,2020-02-06,8.54000,8.54000,8.52000,8.54000,133100
916,2020-02-06,8.54000,8.54000,8.52000,8.54000,133100
917,2020-02-05,8.54000,8.54000,8.53000,8.54000,99900
918,2020-02-05,8.54000,8.54000,8.53000,8.54000,99900
919,2020-02-04,8.55000,8.55000,8.51000,8.53000,131200
920,2020-02-04,8.55000,8.55000,8.51000,8.53000,131200
921,2020-02-03,8.51000,8.55000,8.50000,8.54000,237300
922,2020-02-03,8.51000,8.55000,8.50000,8.54000,237300
923,2020-01-31,8.48000,8.51000,8.46000,8.51000,128900
924,2020-01-31,8.48000,8.51000,8.46000,8.51000,128900
925,2020-01-30,8.47000,8.48000,8.44000,8.47000,63400
926,2020-01-30,8.47000,8.48000,8.44000,8.47000,63400
927,2020-01-29,8.46000,8.49000,8.46000,8.48000,80300
928,2020-01-29,8.46000,8.49000,8.46000,8.48000,80300
929,2020-01-28,8.41000,8.48000,8.41000,8.47000,100400
930,2020-01-28,8.41000,8.48000,8.41000,8.47000,100400
931,2020-01-27,8.50000,8.50000,8.41000,8.41000,93300
932,2020-01-27,8.50000,8.50000,8.41000,8.41000,93300
933,2020-01-24,8.50000,8.51000,8.49000,8.50000,170400
934,2020-01-24,8.50000,8.51000,8.49000,8.50000,170400
935,2020-01-23,8.54000,8.54000,8.50000,8.50000,112500
936,2020-01-23,8.54000,8.54000,8.50000,8.50000,112500
937,2020-01-22,8.49000,8.56000,8.49000,8.53000,193800
938,2020-01-22,8.49000,8.56000,8.49000,8.53000,193800
939,2020-01-21,8.45000,8.51000,8.44000,8.48000,103200
940,2020-01-21,8.45000,8.51000,8.44000,8.48000,103200
941,2020-01-17,8.46000,8.47000,8.44000,8.44000,211600
942,2020-01-17,8.46000,8.47000,8.44000,8.44000,211600
943,2020-01-16,8.45000,8.48000,8.43000,8.47000,96000
944,2020-01-16,8.45000,8.48000,8.43000,8.47000,96000
945,2020-01-15,8.41000,8.44000,8.41000,8.44000,106000
946,2020-01-15,8.41000,8.44000,8.41000,8.44000,106000
947,2020-01-14,8.42000,8.45000,8.40000,8.41000,303700
948,2020-01-14,8.42000,8.45000,8.40000,8.41000,303700
949,2020-01-13,8.45000,8.45000,8.43000,8.44000,90500
950,2020-01-13,8.45000,8.45000,8.43000,8.44000,90500
951,2020-01-10,8.45000,8.45000,8.42000,8.43000,40200
952,2020-01-10,8.45000,8.45000,8.42000,8.43000,40200
953,2020-01-09,8.43000,8.45000,8.41000,8.44000,74100
954,2020-01-09,8.43000,8.45000,8.41000,8.44000,74100
955,2020-01-08,8.41000,8.44000,8.41000,8.43000,97300
956,2020-01-08,8.41000,8.44000,8.41000,8.43000,97300
957,2020-01-07,8.42000,8.45000,8.39000,8.43000,85800
958,2020-01-07,8.42000,8.45000,8.39000,8.43000,85800
959,2020-01-06,8.46000,8.47000,8.42000,8.43000,56600
960,2020-01-06,8.46000,8.47000,8.42000,8.43000,56600
961,2020-01-03,8.44000,8.48000,8.44000,8.48000,69200
962,2020-01-03,8.44000,8.48000,8.44000,8.48000,69200
963,2020-01-02,8.43000,8.45000,8.40000,8.44000,70600
964,2020-01-02,8.43000,8.45000,8.40000,8.44000,70600
965,2019-12-31,8.42000,8.45000,8.40000,8.42000,107000
966,2019-12-31,8.42000,8.45000,8.40000,8.42000,107000
967,2019-12-30,8.38000,8.43000,8.38000,8.43000,81100
968,2019-12-30,8.38000,8.43000,8.38000,8.43000,81100
969,2019-12-27,8.41000,8.42000,8.38000,8.38000,72000
970,2019-12-27,8.41000,8.42000,8.38000,8.38000,72000
971,2019-12-26,8.39000,8.41000,8.38000,8.41000,46200
972,2019-12-26,8.39000,8.41000,8.38000,8.41000,46200
973,2019-12-24,8.40000,8.40000,8.37000,8.40000,39900
974,2019-12-24,8.40000,8.40000,8.37000,8.40000,39900
975,2019-12-23,8.39000,8.39000,8.36000,8.39000,75800
976,2019-12-23,8.39000,8.39000,8.36000,8.39000,75800
977,2019-12-20,8.37000,8.40000,8.33000,8.40000,68200
978,2019-12-20,8.37000,8.40000,8.33000,8.40000,68200
979,2019-12-19,8.33000,8.37000,8.33000,8.37000,84700
980,2019-12-19,8.33000,8.37000,8.33000,8.37000,84700
981,2019-12-18,8.35000,8.36000,8.31000,8.33000,76000
982,2019-12-18,8.35000,8.36000,8.31000,8.33000,76000
983,2019-12-17,8.33000,8.37000,8.30000,8.36000,102000
984,2019-12-17,8.33000,8.37000,8.30000,8.36000,102000
985,2019-12-16,8.36000,8.39000,8.36000,8.39000,60400
986,2019-12-16,8.36000,8.39000,8.36000,8.39000,60400
987,2019-12-13,8.38000,8.38000,8.34000,8.34000,59000
988,2019-12-13,8.38000,8.38000,8.34000,8.34000,59000
989,2019-12-12,8.37000,8.38000,8.36000,8.38000,75300
990,2019-12-12,8.37000,8.38000,8.36000,8.38000,75300
991,2019-12-11,8.36000,8.37000,8.32000,8.36000,96200
992,2019-12-11,8.36000,8.37000,8.32000,8.36000,96200
993,2019-12-10,8.35000,8.36000,8.32000,8.36000,80700
994,2019-12-10,8.35000,8.36000,8.32000,8.36000,80700
995,2019-12-09,8.31000,8.35000,8.29000,8.33000,42300
996,2019-12-09,8.31000,8.35000,8.29000,8.33000,42300
997,2019-12-06,8.30000,8.32000,8.29000,8.29000,92900
998,2019-12-06,8.30000,8.32000,8.29000,8.29000,92900
999,2019-12-05,8.32000,8.32000,8.28000,8.31000,110800
1000,2019-12-05,8.32000,8.32000,8.28000,8.31000,110800
1001,2019-12-04,8.29000,8.32000,8.29000,8.30000,79200
1002,2019-12-04,8.29000,8.32000,8.29000,8.30000,79200
1003,2019-12-03,8.30000,8.31000,8.27000,8.31000,94000
1004,2019-12-03,8.30000,8.31000,8.27000,8.31000,94000
1005,2019-12-02,8.30000,8.32000,8.29000,8.29000,146500
1006,2019-12-02,8.30000,8.32000,8.29000,8.29000,146500
1007,2019-11-29,8.31000,8.33000,8.29000,8.32000,64600
1008,2019-11-29,8.31000,8.33000,8.29000,8.32000,64600
1009,2019-11-27,8.31000,8.31000,8.28000,8.31000,91000
1010,2019-11-27,8.31000,8.31000,8.28000,8.31000,91000
1011,2019-11-26,8.31000,8.31000,8.27000,8.31000,72200
1012,2019-11-26,8.31000,8.31000,8.27000,8.31000,72200
1013,2019-11-25,8.28000,8.30000,8.25000,8.30000,92600
1014,2019-11-25,8.28000,8.30000,8.25000,8.30000,92600
1015,2019-11-22,8.31000,8.31000,8.27000,8.30000,66700
1016,2019-11-22,8.31000,8.31000,8.27000,8.30000,66700
1017,2019-11-21,8.32000,8.33000,8.27000,8.30000,102800
1018,2019-11-21,8.32000,8.33000,8.27000,8.30000,102800
1019,2019-11-20,8.27000,8.33000,8.26000,8.33000,59800
1020,2019-11-20,8.27000,8.33000,8.26000,8.33000,59800
1021,2019-11-19,8.30000,8.30000,8.25000,8.28000,51000
1022,2019-11-19,8.30000,8.30000,8.25000,8.28000,51000
1023,2019-11-18,8.29000,8.29000,8.26000,8.29000,62000
1024,2019-11-18,8.29000,8.29000,8.26000,8.29000,62000
1025,2019-11-15,8.29000,8.30000,8.27000,8.28000,73300
1026,2019-11-15,8.29000,8.30000,8.27000,8.28000,73300
1027,2019-11-14,8.26000,8.29000,8.22000,8.29000,91800
1028,2019-11-14,8.26000,8.29000,8.22000,8.29000,91800
1029,2019-11-13,8.21000,8.28000,8.21000,8.26000,141900
1030,2019-11-13,8.21000,8.28000,8.21000,8.26000,141900
1031,2019-11-12,8.32000,8.33000,8.25000,8.25000,93100
1032,2019-11-12,8.32000,8.33000,8.25000,8.25000,93100
1033,2019-11-11,8.32000,8.35000,8.30000,8.35000,152200
1034,2019-11-11,8.32000,8.35000,8.30000,8.35000,152200
1035,2019-11-08,8.30000,8.34000,8.30000,8.32000,65600
1036,2019-11-08,8.30000,8.34000,8.30000,8.32000,65600
1037,2019-11-07,8.32000,8.33000,8.30000,8.30000,91600
1038,2019-11-07,8.32000,8.33000,8.30000,8.30000,91600
1039,2019-11-06,8.33000,8.35000,8.30000,8.32000,44100
1040,2019-11-06,8.33000,8.35000,8.30000,8.32000,44100
1041,2019-11-05,8.37000,8.37000,8.30000,8.33000,115600
1042,2019-11-05,8.37000,8.37000,8.30000,8.33000,115600
1043,2019-11-04,8.38000,8.39000,8.34000,8.38000,103600
1044,2019-11-04,8.38000,8.39000,8.34000,8.38000,103600
1045,2019-11-01,8.36000,8.40000,8.32000,8.39000,131400
1046,2019-10-31,8.34000,8.38000,8.32000,8.38000,102300
1047,2019-10-30,8.30000,8.35000,8.28000,8.33000,81900
1048,2019-10-29,8.24000,8.32000,8.24000,8.30000,71400
1049,2019-10-28,8.28000,8.29000,8.24000,8.24000,195800
1050,2019-10-25,8.30000,8.30000,8.27000,8.29000,64300
1051,2019-10-24,8.29000,8.31000,8.27000,8.29000,44900
1052,2019-10-23,8.32000,8.32000,8.26000,8.27000,150100
1053,2019-10-22,8.32000,8.34000,8.28000,8.31000,98900
1054,2019-10-21,8.28000,8.33000,8.28000,8.33000,52600
1055,2019-10-18,8.27000,8.33000,8.27000,8.28000,54200
1056,2019-10-17,8.25000,8.28000,8.22000,8.27000,92500
1057,2019-10-16,8.34000,8.34000,8.22000,8.26000,102900
1058,2019-10-15,8.36000,8.37000,8.30000,8.31000,90400
1059,2019-10-14,8.37000,8.41000,8.36000,8.41000,96800
1060,2019-10-11,8.39000,8.40000,8.36000,8.36000,119400
1061,2019-10-10,8.37000,8.39000,8.35000,8.39000,80000
1062,2019-10-09,8.37000,8.38000,8.36000,8.36000,80900
1063,2019-10-08,8.36000,8.39000,8.36000,8.37000,110000
1064,2019-10-07,8.33000,8.38000,8.31000,8.36000,70500
1065,2019-10-04,8.31000,8.36000,8.31000,8.34000,48300
1066,2019-10-03,8.31000,8.34000,8.30000,8.32000,103400
1067,2019-10-02,8.33000,8.33000,8.27000,8.28000,85000
1068,2019-10-01,8.34000,8.35000,8.31000,8.32000,97500
1069,2019-09-30,8.31000,8.36000,8.31000,8.31000,157600
1070,2019-09-27,8.34000,8.34000,8.30000,8.32000,53000
1071,2019-09-26,8.32000,8.35000,8.32000,8.34000,101200
1072,2019-09-25,8.33000,8.34000,8.30000,8.32000,86100
1073,2019-09-24,8.32000,8.36000,8.32000,8.34000,113400
1074,2019-09-23,8.35000,8.35000,8.31000,8.33000,89100
1075,2019-09-20,8.32000,8.35000,8.32000,8.35000,118100
1076,2019-09-19,8.32000,8.35000,8.28000,8.35000,155300
1077,2019-09-18,8.29000,8.31000,8.21000,8.31000,145800
1078,2019-09-17,8.29000,8.31000,8.25000,8.28000,57100
1079,2019-09-16,8.33000,8.35000,8.31000,8.33000,67200
1080,2019-09-13,8.31000,8.34000,8.28000,8.30000,52100
1081,2019-09-12,8.34000,8.34000,8.26000,8.31000,113000
1082,2019-09-11,8.31000,8.35000,8.30000,8.32000,63400
1083,2019-09-10,8.30000,8.35000,8.30000,8.31000,89900
1084,2019-09-09,8.32000,8.39000,8.24000,8.35000,147500
1085,2019-09-06,8.37000,8.37000,8.31000,8.33000,53600
1086,2019-09-05,8.40000,8.40000,8.29000,8.36000,195400
1087,2019-09-04,8.40000,8.40000,8.38000,8.40000,63700
1088,2019-09-03,8.36000,8.40000,8.36000,8.39000,90000
1089,2019-08-30,8.37000,8.38000,8.35000,8.38000,103500
1090,2019-08-29,8.34000,8.37000,8.30000,8.35000,66200
1091,2019-08-28,8.27000,8.33000,8.26000,8.32000,59300
1092,2019-08-27,8.30000,8.31000,8.26000,8.29000,56700
1093,2019-08-26,8.37000,8.38000,8.29000,8.29000,80900
1094,2019-08-23,8.33000,8.39000,8.30000,8.38000,109500
1095,2019-08-22,8.32000,8.35000,8.31000,8.33000,42600
1096,2019-08-21,8.30000,8.32000,8.28000,8.32000,86400
1097,2019-08-20,8.26000,8.31000,8.26000,8.29000,50500
1098,2019-08-19,8.23000,8.31000,8.23000,8.28000,50500
1099,2019-08-16,8.20000,8.27000,8.20000,8.23000,36100
1100,2019-08-15,8.19000,8.23000,8.15000,8.18000,77100
1101,2019-08-14,8.24000,8.24000,8.14000,8.16000,43100
1102,2019-08-13,8.29000,8.32000,8.23000,8.25000,83400
1103,2019-08-12,8.39000,8.40000,8.32000,8.34000,61500
1104,2019-08-09,8.33000,8.39000,8.31000,8.38000,123600
1105,2019-08-08,8.32000,8.34000,8.30000,8.34000,47300
1106,2019-08-07,8.30000,8.33000,8.29000,8.31000,101400
1107,2019-08-06,8.37000,8.38000,8.28000,8.33000,109800
1108,2019-08-05,8.36000,8.38000,8.31000,8.35000,100100
1109,2019-08-02,8.35000,8.38000,8.30000,8.37000,61000
1110,2019-08-01,8.31000,8.36000,8.28000,8.34000,122800
1111,2019-07-31,8.35000,8.37000,8.27000,8.31000,100800
1112,2019-07-30,8.26000,8.31000,8.25000,8.30000,224100
1113,2019-07-29,8.30000,8.30000,8.24000,8.28000,83200
1114,2019-07-26,8.28000,8.28000,8.23000,8.27000,52300
1115,2019-07-25,8.27000,8.28000,8.21000,8.27000,218600
1116,2019-07-24,8.17000,8.23000,8.17000,8.22000,114600
1117,2019-07-23,8.19000,8.20000,8.15000,8.18000,97700
1118,2019-07-22,8.18000,8.21000,8.15000,8.19000,85700
1119,2019-07-19,8.12000,8.22000,8.11000,8.19000,117900
1120,2019-07-18,8.10000,8.19000,8.10000,8.11000,181800
1121,2019-07-17,8.10000,8.10000,8.08000,8.10000,57000
1122,2019-07-16,8.13000,8.15000,8.07000,8.08000,146700
1123,2019-07-15,8.19000,8.19000,8.15000,8.18000,130900
1124,2019-07-12,8.19000,8.20000,8.13000,8.18000,137100
1125,2019-07-11,8.29000,8.29000,8.17000,8.19000,220500
1126,2019-07-10,8.22000,8.22000,8.19000,8.21000,154300
1127,2019-07-09,8.18000,8.20000,8.18000,8.18000,59500
1128,2019-07-08,8.17000,8.20000,8.16000,8.19000,102900
1129,2019-07-05,8.20000,8.20000,8.12000,8.18000,86700
1130,2019-07-03,8.18000,8.21000,8.15000,8.20000,20300
1131,2019-07-02,8.15000,8.17000,8.15000,8.16000,57700
1132,2019-07-01,8.16000,8.16000,8.13000,8.15000,116800
1133,2019-06-28,8.16000,8.16000,8.14000,8.15000,79600
1134,2019-06-27,8.15000,8.16000,8.13000,8.15000,134100
1135,2019-06-26,8.15000,8.15000,8.14000,8.15000,61200
1136,2019-06-25,8.15000,8.15000,8.09000,8.12000,96000
1137,2019-06-24,8.17000,8.17000,8.13000,8.15000,39600
1138,2019-06-21,8.10000,8.17000,8.10000,8.14000,134300
1139,2019-06-20,8.14000,8.14000,8.10000,8.11000,70600
1140,2019-06-19,8.13000,8.14000,8.09000,8.12000,46200
1141,2019-06-18,8.13000,8.15000,8.08000,8.12000,61900
1142,2019-06-17,8.15000,8.17000,8.13000,8.13000,114900
1143,2019-06-14,8.13000,8.16000,8.12000,8.14000,50300
1144,2019-06-13,8.08000,8.15000,8.08000,8.15000,102700
1145,2019-06-12,8.06000,8.08000,8.05000,8.07000,62800
1146,2019-06-11,8.08000,8.08000,8.05000,8.08000,49900
1147,2019-06-10,8.04000,8.10000,8.04000,8.07000,74300
1148,2019-06-07,7.98000,8.08000,7.98000,8.01000,55200
1149,2019-06-06,8.00000,8.00000,7.96000,8.00000,44800
1150,2019-06-05,7.95000,8.00000,7.94000,7.96000,96800
1151,2019-06-04,7.97000,8.03000,7.94000,7.94000,180500
1152,2019-06-03,7.92000,7.97000,7.91000,7.97000,159400
1153,2019-05-31,7.95000,7.97000,7.90000,7.92000,173000
1154,2019-05-30,7.91000,7.96000,7.90000,7.93000,86200
1155,2019-05-29,7.90000,7.96000,7.89000,7.89000,115400
1156,2019-05-28,7.93000,7.94000,7.91000,7.93000,54700
1157,2019-05-24,7.92000,7.93000,7.90000,7.93000,34100
1158,2019-05-23,7.93000,7.94000,7.91000,7.92000,48700
1159,2019-05-22,7.90000,7.96000,7.88000,7.91000,92500
1160,2019-05-21,7.91000,7.92000,7.87000,7.90000,34700
1161,2019-05-20,7.86000,7.93000,7.82000,7.88000,90000
1162,2019-05-17,7.84000,7.90000,7.84000,7.87000,77800
1163,2019-05-16,7.84000,7.88000,7.82000,7.87000,88100
1164,2019-05-15,7.82000,7.86000,7.78000,7.85000,74500
1165,2019-05-14,7.83000,7.83000,7.79000,7.83000,46000
1166,2019-05-13,7.87000,7.89000,7.84000,7.87000,56900
1167,2019-05-10,7.91000,7.93000,7.87000,7.89000,56200
1168,2019-05-09,7.92000,7.94000,7.87000,7.91000,84800
1169,2019-05-08,7.90000,7.96000,7.90000,7.93000,95300
1170,2019-05-07,7.97000,7.98000,7.91000,7.92000,145200
1171,2019-05-06,7.95000,7.99000,7.95000,7.97000,59400
1172,2019-05-03,8.00000,8.00000,7.95000,7.95000,46500
1173,2019-05-02,7.95000,7.98000,7.94000,7.95000,89300
1174,2019-05-01,7.94000,7.95000,7.82000,7.94000,220600
1175,2019-04-30,7.84000,7.89000,7.82000,7.88000,155700
1176,2019-04-29,7.84000,7.88000,7.81000,7.83000,70800
1177,2019-04-26,7.82000,7.86000,7.82000,7.83000,148700
1178,2019-04-25,7.88000,7.89000,7.82000,7.83000,77800
1179,2019-04-24,7.86000,7.91000,7.84000,7.84000,110600
1180,2019-04-23,7.85000,7.87000,7.83000,7.87000,63100
1181,2019-04-22,7.83000,7.88000,7.83000,7.84000,63200
1182,2019-04-18,7.83000,7.84000,7.82000,7.82000,86500
1183,2019-04-17,7.86000,7.87000,7.83000,7.84000,68700
1184,2019-04-16,7.87000,7.89000,7.84000,7.84000,102600
1185,2019-04-15,7.91000,7.94000,7.90000,7.93000,80300
1186,2019-04-12,7.93000,7.94000,7.90000,7.91000,126300
1187,2019-04-11,7.94000,7.94000,7.93000,7.94000,43300
1188,2019-04-10,7.92000,7.94000,7.91000,7.93000,35100
1189,2019-04-09,7.92000,7.93000,7.90000,7.92000,280500
1190,2019-04-08,7.91000,7.93000,7.91000,7.92000,110200
1191,2019-04-05,7.94000,7.95000,7.91000,7.91000,59600
1192,2019-04-04,7.91000,7.95000,7.91000,7.95000,104600
1193,2019-04-03,7.92000,7.93000,7.92000,7.92000,20200
1194,2019-04-02,7.91000,7.93000,7.91000,7.93000,47400
1195,2019-04-01,7.90000,7.93000,7.90000,7.92000,93200
1196,2019-03-29,7.91000,7.92000,7.89000,7.90000,79200
1197,2019-03-28,7.86000,7.94000,7.86000,7.90000,129600
1198,2019-03-27,7.87000,7.88000,7.85000,7.86000,183000
1199,2019-03-26,7.83000,7.86000,7.83000,7.84000,95700
1200,2019-03-25,7.82000,7.83000,7.80000,7.83000,30700
1201,2019-03-22,7.76000,7.86000,7.76000,7.83000,102200
1202,2019-03-21,7.77000,7.80000,7.75000,7.78000,65500
1203,2019-03-20,7.75000,7.78000,7.75000,7.76000,121200
1204,2019-03-19,7.76000,7.77000,7.73000,7.74000,100800
1205,2019-03-18,7.74000,7.78000,7.72000,7.77000,128300
1206,2019-03-15,7.73000,7.75000,7.71000,7.74000,37800
1207,2019-03-14,7.78000,7.79000,7.72000,7.73000,131300
1208,2019-03-13,7.78000,7.80000,7.77000,7.78000,78000
1209,2019-03-12,7.73000,7.79000,7.73000,7.78000,65300
1210,2019-03-11,7.81000,7.81000,7.76000,7.79000,58400
1211,2019-03-08,7.78000,7.81000,7.78000,7.79000,109200
1212,2019-03-08,7.78000,7.81000,7.78000,7.79000,109200
1213,2019-03-07,7.81000,7.82000,7.81000,7.82000,156400
1214,2019-03-07,7.81000,7.82000,7.81000,7.82000,156400
1215,2019-03-06,7.85000,7.85000,7.81000,7.83000,143500
1216,2019-03-06,7.85000,7.85000,7.81000,7.83000,143500
1217,2019-03-05,7.77000,7.81000,7.76000,7.81000,112300
1218,2019-03-05,7.77000,7.81000,7.76000,7.81000,112300
1219,2019-03-04,7.76000,7.77000,7.75000,7.77000,69600
1220,2019-03-04,7.76000,7.77000,7.75000,7.77000,69600
1221,2019-03-01,7.73000,7.76000,7.73000,7.75000,94500
1222,2019-03-01,7.73000,7.76000,7.73000,7.75000,94500
1223,2019-02-28,7.72000,7.77000,7.70000,7.74000,156300
1224,2019-02-28,7.72000,7.77000,7.70000,7.74000,156300
1225,2019-02-27,7.74000,7.76000,7.69000,7.72000,357200
1226,2019-02-27,7.74000,7.76000,7.69000,7.72000,357200
1227,2019-02-26,7.80000,7.80000,7.74000,7.75000,211000
1228,2019-02-26,7.80000,7.80000,7.74000,7.75000,211000
1229,2019-02-25,7.74000,7.83000,7.74000,7.81000,111100
1230,2019-02-25,7.74000,7.83000,7.74000,7.81000,111100
1231,2019-02-22,7.71000,7.75000,7.70000,7.75000,75600
1232,2019-02-22,7.71000,7.75000,7.70000,7.75000,75600
1233,2019-02-21,7.72000,7.73000,7.69000,7.70000,74400
1234,2019-02-21,7.72000,7.73000,7.69000,7.70000,74400
1235,2019-02-20,7.73000,7.74000,7.69000,7.70000,109300
1236,2019-02-20,7.73000,7.74000,7.69000,7.70000,109300
1237,2019-02-19,7.74000,7.78000,7.72000,7.73000,219700
1238,2019-02-19,7.74000,7.78000,7.72000,7.73000,219700
1239,2019-02-15,7.74000,7.74000,7.70000,7.74000,72800
1240,2019-02-15,7.74000,7.74000,7.70000,7.74000,72800
1241,2019-02-14,7.79000,7.79000,7.71000,7.75000,102500
1242,2019-02-14,7.79000,7.79000,7.71000,7.75000,102500
1243,2019-02-13,7.79000,7.79000,7.75000,7.76000,50000
1244,2019-02-13,7.79000,7.79000,7.75000,7.76000,50000
1245,2019-02-12,7.77000,7.77000,7.73000,7.75000,61500
1246,2019-02-12,7.77000,7.77000,7.73000,7.75000,61500
1247,2019-02-11,7.74000,7.76000,7.73000,7.75000,110100
1248,2019-02-11,7.74000,7.76000,7.73000,7.75000,110100
1249,2019-02-08,7.71000,7.74000,7.70000,7.74000,60100
1250,2019-02-08,7.71000,7.74000,7.70000,7.74000,60100
1251,2019-02-07,7.75000,7.77000,7.72000,7.74000,78100
1252,2019-02-07,7.75000,7.77000,7.72000,7.74000,78100
1253,2019-02-06,7.76000,7.80000,7.73000,7.76000,149500
1254,2019-02-06,7.76000,7.80000,7.73000,7.76000,149500
1255,2019-02-05,7.77000,7.79000,7.74000,7.75000,198500
1256,2019-02-05,7.77000,7.79000,7.74000,7.75000,198500
1257,2019-02-04,7.85000,7.86000,7.74000,7.75000,148600
1258,2019-02-04,7.85000,7.86000,7.74000,7.75000,148600
1259,2019-02-01,7.82000,7.84000,7.80000,7.83000,113800
1260,2019-02-01,7.82000,7.84000,7.80000,7.83000,113800
1261,2019-01-31,7.76000,7.81000,7.75000,7.81000,369200
1262,2019-01-31,7.76000,7.81000,7.75000,7.81000,369200
1263,2019-01-30,7.73000,7.74000,7.71000,7.74000,136900
1264,2019-01-30,7.73000,7.74000,7.71000,7.74000,136900
1265,2019-01-29,7.65000,7.74000,7.65000,7.71000,229400
1266,2019-01-29,7.65000,7.74000,7.65000,7.71000,229400
1267,2019-01-28,7.60000,7.65000,7.60000,7.65000,109900
1268,2019-01-28,7.60000,7.65000,7.60000,7.65000,109900
1269,2019-01-25,7.60000,7.62000,7.59000,7.62000,47100
1270,2019-01-25,7.60000,7.62000,7.59000,7.62000,47100
1271,2019-01-24,7.60000,7.61000,7.58000,7.60000,48900
1272,2019-01-24,7.60000,7.61000,7.58000,7.60000,48900
1273,2019-01-23,7.59000,7.62000,7.58000,7.59000,129700
1274,2019-01-23,7.59000,7.62000,7.58000,7.59000,129700
1275,2019-01-22,7.58000,7.60000,7.57000,7.59000,36500
1276,2019-01-22,7.58000,7.60000,7.57000,7.59000,36500
1277,2019-01-18,7.60000,7.60000,7.58000,7.59000,120100
1278,2019-01-18,7.60000,7.60000,7.58000,7.59000,120100
1279,2019-01-17,7.60000,7.61000,7.58000,7.61000,191500
1280,2019-01-17,7.60000,7.61000,7.58000,7.61000,191500
1281,2019-01-16,7.59000,7.60000,7.59000,7.59000,78200
1282,2019-01-16,7.59000,7.60000,7.59000,7.59000,78200
1283,2019-01-15,7.62000,7.62000,7.58000,7.60000,107600
1284,2019-01-15,7.62000,7.62000,7.58000,7.60000,107600
1285,2019-01-14,7.67000,7.67000,7.65000,7.67000,185600
1286,2019-01-14,7.67000,7.67000,7.65000,7.67000,185600
1287,2019-01-11,7.65000,7.67000,7.62000,7.67000,89900
1288,2019-01-11,7.65000,7.67000,7.62000,7.67000,89900
1289,2019-01-10,7.66000,7.66000,7.61000,7.62000,43600
1290,2019-01-10,7.66000,7.66000,7.61000,7.62000,43600
1291,2019-01-09,7.63000,7.65000,7.59000,7.64000,421100
1292,2019-01-09,7.63000,7.65000,7.59000,7.64000,421100
1293,2019-01-08,7.61000,7.63000,7.59000,7.60000,99600
1294,2019-01-08,7.61000,7.63000,7.59000,7.60000,99600
1295,2019-01-07,7.55000,7.59000,7.50000,7.59000,74600
1296,2019-01-07,7.55000,7.59000,7.50000,7.59000,74600
1297,2019-01-04,7.48000,7.50000,7.48000,7.50000,82200
1298,2019-01-04,7.48000,7.50000,7.48000,7.50000,82200
1299,2019-01-03,7.36000,7.46000,7.36000,7.46000,89200
1300,2019-01-03,7.36000,7.46000,7.36000,7.46000,89200
1301,2019-01-02,7.34000,7.42000,7.32000,7.42000,70100
1302,2019-01-02,7.34000,7.42000,7.32000,7.42000,70100
1303,2018-12-31,7.34000,7.37000,7.30000,7.33000,234400
1304,2018-12-31,7.34000,7.37000,7.30000,7.33000,234400
1305,2018-12-28,7.25000,7.35000,7.25000,7.34000,159600
1306,2018-12-28,7.25000,7.35000,7.25000,7.34000,159600
1307,2018-12-27,7.19000,7.31000,7.19000,7.26000,96900
1308,2018-12-27,7.19000,7.31000,7.19000,7.26000,96900
1309,2018-12-26,7.19000,7.20000,7.16000,7.18000,159300
1310,2018-12-26,7.19000,7.20000,7.16000,7.18000,159300
1311,2018-12-24,7.05000,7.19000,7.05000,7.15000,81500
1312,2018-12-24,7.05000,7.19000,7.05000,7.15000,81500
1313,2018-12-21,7.04000,7.14000,7.04000,7.12000,232600
1314,2018-12-21,7.04000,7.14000,7.04000,7.12000,232600
1315,2018-12-20,7.20000,7.20000,6.99000,7.06000,375100
1316,2018-12-20,7.20000,7.20000,6.99000,7.06000,375100
1317,2018-12-19,7.23000,7.25000,7.20000,7.21000,195600
1318,2018-12-19,7.23000,7.25000,7.20000,7.21000,195600
1319,2018-12-18,7.27000,7.30000,7.21000,7.23000,212600
1320,2018-12-18,7.27000,7.30000,7.21000,7.23000,212600
1321,2018-12-17,7.38000,7.38000,7.30000,7.33000,173800
1322,2018-12-17,7.38000,7.38000,7.30000,7.33000,173800
1323,2018-12-14,7.38000,7.39000,7.34000,7.35000,153900
1324,2018-12-14,7.38000,7.39000,7.34000,7.35000,153900
1325,2018-12-13,7.41000,7.42000,7.37000,7.39000,134200
1326,2018-12-13,7.41000,7.42000,7.37000,7.39000,134200
1327,2018-12-12,7.39000,7.43000,7.39000,7.41000,83400
1328,2018-12-12,7.39000,7.43000,7.39000,7.41000,83400
1329,2018-12-11,7.43000,7.45000,7.37000,7.39000,263300
1330,2018-12-11,7.43000,7.45000,7.37000,7.39000,263300
1331,2018-12-10,7.43000,7.51000,7.40000,7.41000,176200
1332,2018-12-10,7.43000,7.51000,7.40000,7.41000,176200
1333,2018-12-07,7.41000,7.49000,7.38000,7.47000,280400
1334,2018-12-07,7.41000,7.49000,7.38000,7.47000,280400
1335,2018-12-06,7.47000,7.47000,7.37000,7.37000,209500
1336,2018-12-06,7.47000,7.47000,7.37000,7.37000,209500
1337,2018-12-04,7.45000,7.48000,7.43000,7.44000,168200
1338,2018-12-04,7.45000,7.48000,7.43000,7.44000,168200
1339,2018-12-03,7.43000,7.46000,7.42000,7.45000,109400
1340,2018-12-03,7.43000,7.46000,7.42000,7.45000,109400
1341,2018-11-30,7.40000,7.42000,7.38000,7.41000,147000
1342,2018-11-30,7.40000,7.42000,7.38000,7.41000,147000
1343,2018-11-29,7.38000,7.38000,7.33000,7.36000,173000
1344,2018-11-29,7.38000,7.38000,7.33000,7.36000,173000
1345,2018-11-28,7.34000,7.37000,7.32000,7.37000,214900
1346,2018-11-28,7.34000,7.37000,7.32000,7.37000,214900
1347,2018-11-27,7.32000,7.35000,7.31000,7.32000,173300
1348,2018-11-27,7.32000,7.35000,7.31000,7.32000,173300
1349,2018-11-26,7.33000,7.35000,7.30000,7.33000,123500
1350,2018-11-26,7.33000,7.35000,7.30000,7.33000,123500
1351,2018-11-23,7.26000,7.32000,7.26000,7.30000,55000
1352,2018-11-23,7.26000,7.32000,7.26000,7.30000,55000
1353,2018-11-21,7.26000,7.29000,7.25000,7.26000,187500
1354,2018-11-21,7.26000,7.29000,7.25000,7.26000,187500
1355,2018-11-20,7.27000,7.34000,7.24000,7.26000,268700
1356,2018-11-20,7.27000,7.34000,7.24000,7.26000,268700
1357,2018-11-19,7.30000,7.36000,7.30000,7.30000,140300
1358,2018-11-19,7.30000,7.36000,7.30000,7.30000,140300
1359,2018-11-16,7.31000,7.34000,7.30000,7.33000,111400
1360,2018-11-16,7.31000,7.34000,7.30000,7.33000,111400
1361,2018-11-15,7.31000,7.35000,7.31000,7.33000,86500
1362,2018-11-15,7.31000,7.35000,7.31000,7.33000,86500
1363,2018-11-14,7.38000,7.40000,7.29000,7.33000,134400
1364,2018-11-14,7.38000,7.40000,7.29000,7.33000,134400
1365,2018-11-13,7.45000,7.45000,7.38000,7.38000,132100
1366,2018-11-13,7.45000,7.45000,7.38000,7.38000,132100
1367,2018-11-12,7.49000,7.54000,7.47000,7.51000,64700
1368,2018-11-12,7.49000,7.54000,7.47000,7.51000,64700
1369,2018-11-09,7.54000,7.55000,7.46000,7.50000,119800
1370,2018-11-09,7.54000,7.55000,7.46000,7.50000,119800
1371,2018-11-08,7.57000,7.58000,7.53000,7.53000,59000
1372,2018-11-08,7.57000,7.58000,7.53000,7.53000,59000
1373,2018-11-07,7.48000,7.57000,7.47000,7.57000,69100
1374,2018-11-07,7.48000,7.57000,7.47000,7.57000,69100
1375,2018-11-06,7.49000,7.50000,7.45000,7.48000,111900
1376,2018-11-06,7.49000,7.50000,7.45000,7.48000,111900
1377,2018-11-05,7.45000,7.48000,7.43000,7.45000,104700
1378,2018-11-05,7.45000,7.48000,7.43000,7.45000,104700
1379,2018-11-02,7.52000,7.52000,7.43000,7.43000,109300
1380,2018-11-01,7.41000,7.51000,7.41000,7.50000,113800
1381,2018-10-31,7.50000,7.51000,7.39000,7.41000,184500
1382,2018-10-30,7.47000,7.50000,7.45000,7.48000,87700
1383,2018-10-29,7.48000,7.52000,7.43000,7.46000,75200
1384,2018-10-26,7.52000,7.52000,7.42000,7.50000,173400
1385,2018-10-25,7.45000,7.51000,7.45000,7.48000,142000
1386,2018-10-24,7.42000,7.48000,7.41000,7.43000,88700
1387,2018-10-23,7.44000,7.51000,7.42000,7.44000,91300
1388,2018-10-22,7.59000,7.61000,7.48000,7.48000,121900
1389,2018-10-19,7.59000,7.62000,7.55000,7.59000,163800
1390,2018-10-18,7.55000,7.64000,7.51000,7.60000,305600
1391,2018-10-17,7.54000,7.55000,7.48000,7.55000,53300
1392,2018-10-16,7.48000,7.52000,7.44000,7.52000,116100
1393,2018-10-15,7.44000,7.50000,7.44000,7.49000,110400
1394,2018-10-12,7.41000,7.49000,7.41000,7.49000,87000
1395,2018-10-11,7.43000,7.50000,7.37000,7.37000,186000
1396,2018-10-10,7.58000,7.58000,7.45000,7.46000,188700
1397,2018-10-09,7.60000,7.61000,7.54000,7.58000,80300
1398,2018-10-08,7.67000,7.67000,7.50000,7.60000,117700
1399,2018-10-05,7.68000,7.68000,7.60000,7.60000,91600
1400,2018-10-04,7.77000,7.80000,7.66000,7.66000,158800
1401,2018-10-03,7.79000,7.82000,7.75000,7.76000,65700
1402,2018-10-02,7.81000,7.83000,7.78000,7.79000,62200
1403,2018-10-01,7.76000,7.84000,7.76000,7.84000,134300
1404,2018-09-28,7.79000,7.83000,7.76000,7.76000,96100
1405,2018-09-27,7.79000,7.81000,7.76000,7.76000,96100
1406,2018-09-26,7.76000,7.79000,7.76000,7.78000,82800
1407,2018-09-25,7.77000,7.81000,7.76000,7.77000,110500
1408,2018-09-24,7.78000,7.79000,7.76000,7.78000,68400
1409,2018-09-21,7.84000,7.85000,7.77000,7.77000,118400
1410,2018-09-20,7.84000,7.84000,7.79000,7.80000,90300
1411,2018-09-19,7.82000,7.84000,7.80000,7.80000,56300
1412,2018-09-18,7.86000,7.87000,7.81000,7.81000,82400
1413,2018-09-17,7.89000,7.92000,7.88000,7.89000,81700
1414,2018-09-14,7.91000,7.92000,7.89000,7.91000,38300
1415,2018-09-13,7.91000,7.92000,7.89000,7.90000,94100
1416,2018-09-12,7.90000,7.91000,7.89000,7.90000,55100
1417,2018-09-11,7.87000,7.90000,7.87000,7.88000,54300
1418,2018-09-10,7.89000,7.91000,7.88000,7.89000,68100
1419,2018-09-07,7.90000,7.91000,7.86000,7.87000,94400
1420,2018-09-06,7.91000,7.96000,7.88000,7.88000,175400
1421,2018-09-05,7.99000,7.99000,7.91000,7.92000,79800
1422,2018-09-04,7.94000,7.99000,7.94000,7.98000,80100
1423,2018-08-31,7.97000,8.01000,7.93000,7.95000,129200
1424,2018-08-30,7.94000,7.96000,7.93000,7.95000,169400
1425,2018-08-29,7.96000,7.97000,7.94000,7.95000,279000
1426,2018-08-28,7.90000,7.96000,7.89000,7.94000,94700
1427,2018-08-27,7.84000,7.92000,7.84000,7.89000,136600
1428,2018-08-24,7.84000,7.89000,7.84000,7.84000,83200
1429,2018-08-23,7.87000,7.88000,7.85000,7.85000,53300
1430,2018-08-22,7.86000,7.88000,7.85000,7.85000,59700
1431,2018-08-21,7.82000,7.86000,7.82000,7.86000,81200
1432,2018-08-20,7.81000,7.84000,7.81000,7.82000,59500
1433,2018-08-17,7.75000,7.83000,7.75000,7.79000,123800
1434,2018-08-16,7.76000,7.78000,7.75000,7.75000,71000
1435,2018-08-15,7.76000,7.78000,7.75000,7.75000,79800
1436,2018-08-14,7.75000,7.78000,7.75000,7.77000,96800
1437,2018-08-13,7.80000,7.83000,7.79000,7.80000,60900
1438,2018-08-10,7.82000,7.82000,7.80000,7.80000,45300
1439,2018-08-09,7.84000,7.85000,7.81000,7.81000,93000
1440,2018-08-08,7.82000,7.85000,7.81000,7.84000,65900
1441,2018-08-07,7.80000,7.83000,7.80000,7.81000,152300
1442,2018-08-06,7.80000,7.84000,7.79000,7.80000,75100
1443,2018-08-03,7.80000,7.84000,7.79000,7.80000,124800
1444,2018-08-02,7.82000,7.83000,7.77000,7.80000,127100
1445,2018-08-01,7.82000,7.83000,7.80000,7.83000,80000
1446,2018-07-31,7.82000,7.82000,7.79000,7.80000,75100
1447,2018-07-30,7.82000,7.83000,7.79000,7.82000,100900
1448,2018-07-27,7.83000,7.84000,7.74000,7.82000,79500
1449,2018-07-26,7.78000,7.81000,7.78000,7.81000,65600
1450,2018-07-25,7.82000,7.83000,7.75000,7.77000,220800
1451,2018-07-24,7.81000,7.84000,7.81000,7.84000,70400
1452,2018-07-23,7.82000,7.82000,7.78000,7.80000,69300
1453,2018-07-20,7.85000,7.87000,7.80000,7.81000,105500
1454,2018-07-19,7.83000,7.86000,7.83000,7.86000,80400
1455,2018-07-18,7.84000,7.86000,7.83000,7.84000,62900
1456,2018-07-17,7.83000,7.85000,7.80000,7.85000,84800
1457,2018-07-16,7.89000,7.90000,7.86000,7.88000,52500
1458,2018-07-13,7.88000,7.91000,7.86000,7.90000,72100
1459,2018-07-12,7.87000,7.90000,7.87000,7.88000,67500
1460,2018-07-11,7.87000,7.89000,7.86000,7.86000,73000
1461,2018-07-10,7.89000,7.89000,7.86000,7.88000,113800
1462,2018-07-09,7.87000,7.89000,7.87000,7.89000,101100
1463,2018-07-06,7.85000,7.88000,7.84000,7.84000,119200
1464,2018-07-05,7.91000,7.92000,7.88000,7.89000,78500
1465,2018-07-03,7.92000,7.93000,7.90000,7.90000,49700
1466,2018-07-02,7.93000,7.94000,7.91000,7.93000,67500
1467,2018-06-29,7.91000,7.93000,7.89000,7.93000,102300
1468,2018-06-28,7.88000,7.92000,7.88000,7.90000,88600
1469,2018-06-27,7.89000,7.90000,7.87000,7.88000,80000
1470,2018-06-26,7.89000,7.92000,7.87000,7.87000,83800
1471,2018-06-25,7.91000,7.92000,7.88000,7.90000,139000
1472,2018-06-22,7.89000,7.92000,7.89000,7.92000,48600
1473,2018-06-21,7.88000,7.91000,7.87000,7.87000,65100
1474,2018-06-20,7.87000,7.92000,7.87000,7.90000,56900
1475,2018-06-19,7.85000,7.89000,7.85000,7.87000,63300
1476,2018-06-18,7.88000,7.92000,7.86000,7.86000,112900
1477,2018-06-15,7.89000,7.91000,7.88000,7.90000,31300
1478,2018-06-14,7.86000,7.91000,7.86000,7.90000,99500
1479,2018-06-13,7.86000,7.90000,7.86000,7.87000,64600
1480,2018-06-12,7.88000,7.90000,7.85000,7.86000,74700
1481,2018-06-11,7.95000,7.97000,7.94000,7.94000,43800
1482,2018-06-08,7.91000,7.96000,7.91000,7.96000,47200
1483,2018-06-07,7.92000,7.94000,7.92000,7.92000,56400
1484,2018-06-06,7.92000,7.95000,7.91000,7.95000,78900
1485,2018-06-05,7.95000,7.97000,7.90000,7.92000,126600
1486,2018-06-04,7.96000,7.97000,7.95000,7.96000,45700
1487,2018-06-01,7.94000,7.96000,7.93000,7.95000,85100
1488,2018-05-31,7.94000,7.95000,7.90000,7.93000,80900
1489,2018-05-30,7.93000,7.94000,7.91000,7.93000,36600
1490,2018-05-29,7.92000,7.95000,7.90000,7.92000,94600
1491,2018-05-25,7.92000,8.00000,7.92000,7.92000,170700
1492,2018-05-24,7.91000,7.94000,7.91000,7.91000,84400
1493,2018-05-23,7.91000,7.93000,7.91000,7.92000,58100
1494,2018-05-22,7.92000,7.93000,7.90000,7.92000,92200
1495,2018-05-21,7.91000,7.93000,7.91000,7.92000,43700
1496,2018-05-18,7.91000,7.94000,7.90000,7.91000,94200
1497,2018-05-17,7.90000,7.95000,7.90000,7.91000,163800
1498,2018-05-16,7.93000,7.95000,7.90000,7.93000,280400
1499,2018-05-15,7.96000,7.97000,7.91000,7.91000,118700
1500,2018-05-14,8.02000,8.04000,8.01000,8.04000,70300
1501,2018-05-11,8.04000,8.05000,8.01000,8.03000,54200
1502,2018-05-10,8.04000,8.05000,8.02000,8.04000,77300
1503,2018-05-09,8.04000,8.05000,8.02000,8.05000,75000
1504,2018-05-08,8.05000,8.08000,8.03000,8.03000,154100
1505,2018-05-07,8.05000,8.08000,8.04000,8.07000,68700
1506,2018-05-04,8.06000,8.08000,8.04000,8.04000,81300
1507,2018-05-03,8.09000,8.10000,8.06000,8.07000,70400
1508,2018-05-02,8.10000,8.10000,8.07000,8.08000,74600
1509,2018-05-01,8.05000,8.10000,8.03000,8.10000,149900
1510,2018-04-30,8.05000,8.08000,8.04000,8.05000,228100
1511,2018-04-27,8.05000,8.07000,8.05000,8.07000,77100
1512,2018-04-26,8.05000,8.08000,8.04000,8.05000,124400
1513,2018-04-25,8.04000,8.06000,8.03000,8.03000,147100
1514,2018-04-24,8.07000,8.11000,8.04000,8.06000,134700
1515,2018-04-23,8.12000,8.12000,8.04000,8.05000,94400
1516,2018-04-20,8.12000,8.13000,8.08000,8.08000,71600
1517,2018-04-19,8.12000,8.15000,8.12000,8.14000,56800
1518,2018-04-18,8.12000,8.14000,8.10000,8.13000,67200
1519,2018-04-17,8.17000,8.18000,8.11000,8.12000,96400
1520,2018-04-16,8.20000,8.23000,8.19000,8.21000,77200
1521,2018-04-13,8.18000,8.20000,8.17000,8.19000,38500
1522,2018-04-12,8.16000,8.20000,8.15000,8.20000,58600
1523,2018-04-11,8.14000,8.19000,8.14000,8.15000,64600
1524,2018-04-10,8.17000,8.18000,8.15000,8.17000,65000
1525,2018-04-09,8.13000,8.17000,8.13000,8.16000,126700
1526,2018-04-06,8.11000,8.15000,8.10000,8.12000,82800
1527,2018-04-05,8.14000,8.15000,8.11000,8.13000,65600
1528,2018-04-04,8.08000,8.16000,8.08000,8.15000,79400
1529,2018-04-03,8.15000,8.17000,8.09000,8.11000,95400
1530,2018-04-02,8.11000,8.16000,8.11000,8.15000,85700
1531,2018-03-29,8.09000,8.13000,8.08000,8.12000,79000
1532,2018-03-28,8.07000,8.10000,8.07000,8.07000,86600
1533,2018-03-27,8.07000,8.10000,8.07000,8.08000,64900
1534,2018-03-26,8.07000,8.10000,8.06000,8.07000,39300
1535,2018-03-23,8.07000,8.07000,8.04000,8.06000,78600
1536,2018-03-22,8.10000,8.12000,8.03000,8.04000,133900
1537,2018-03-21,8.12000,8.14000,8.09000,8.09000,65000
1538,2018-03-20,8.13000,8.13000,8.11000,8.11000,52500
1539,2018-03-19,8.15000,8.17000,8.10000,8.13000,103600
1540,2018-03-16,8.16000,8.16000,8.15000,8.16000,33900
1541,2018-03-15,8.14000,8.16000,8.13000,8.15000,48700
1542,2018-03-14,8.14000,8.16000,8.10000,8.15000,80600
1543,2018-03-13,8.13000,8.15000,8.11000,8.11000,81300
1544,2018-03-12,8.21000,8.23000,8.17000,8.18000,143000
1545,2018-03-09,8.20000,8.25000,8.20000,8.22000,105800
1546,2018-03-09,8.20000,8.25000,8.20000,8.22000,105800
1547,2018-03-08,8.18000,8.21000,8.18000,8.18000,69600
1548,2018-03-08,8.18000,8.21000,8.18000,8.18000,69600
1549,2018-03-07,8.17000,8.21000,8.16000,8.17000,143200
1550,2018-03-07,8.17000,8.21000,8.16000,8.17000,143200
1551,2018-03-06,8.18000,8.22000,8.18000,8.19000,31800
1552,2018-03-06,8.18000,8.22000,8.18000,8.19000,31800
1553,2018-03-05,8.17000,8.21000,8.16000,8.16000,103800
1554,2018-03-05,8.17000,8.21000,8.16000,8.16000,103800
1555,2018-03-02,8.21000,8.21000,8.16000,8.18000,128300
1556,2018-03-02,8.21000,8.21000,8.16000,8.18000,128300
1557,2018-03-01,8.21000,8.25000,8.20000,8.25000,102500
1558,2018-03-01,8.21000,8.25000,8.20000,8.25000,102500
1559,2018-02-28,8.21000,8.24000,8.19000,8.22000,100100
1560,2018-02-28,8.21000,8.24000,8.19000,8.22000,100100
1561,2018-02-27,8.21000,8.22000,8.16000,8.18000,103200
1562,2018-02-27,8.21000,8.22000,8.16000,8.18000,103200
1563,2018-02-26,8.23000,8.26000,8.19000,8.21000,83500
1564,2018-02-26,8.23000,8.26000,8.19000,8.21000,83500
1565,2018-02-23,8.16000,8.24000,8.16000,8.23000,215000
1566,2018-02-23,8.16000,8.24000,8.16000,8.23000,215000
1567,2018-02-22,8.14000,8.18000,8.14000,8.16000,77600
1568,2018-02-22,8.14000,8.18000,8.14000,8.16000,77600
1569,2018-02-21,8.16000,8.18000,8.13000,8.14000,141600
1570,2018-02-21,8.16000,8.18000,8.13000,8.14000,141600
1571,2018-02-20,8.13000,8.17000,8.13000,8.13000,69700
1572,2018-02-20,8.13000,8.17000,8.13000,8.13000,69700
1573,2018-02-16,8.12000,8.17000,8.11000,8.12000,88800
1574,2018-02-16,8.12000,8.17000,8.11000,8.12000,88800
1575,2018-02-15,8.07000,8.13000,8.07000,8.12000,123200
1576,2018-02-15,8.07000,8.13000,8.07000,8.12000,123200
1577,2018-02-14,8.03000,8.09000,8.03000,8.09000,224000
1578,2018-02-14,8.03000,8.09000,8.03000,8.09000,224000
1579,2018-02-13,8.05000,8.05000,8.00000,8.04000,209700
1580,2018-02-13,8.05000,8.05000,8.00000,8.04000,209700
1581,2018-02-12,8.18000,8.18000,8.08000,8.09000,246100
1582,2018-02-12,8.18000,8.18000,8.08000,8.09000,246100
1583,2018-02-09,8.15000,8.17000,8.10000,8.14000,146900
1584,2018-02-09,8.15000,8.17000,8.10000,8.14000,146900
1585,2018-02-08,8.18000,8.22000,8.13000,8.14000,88200
1586,2018-02-08,8.18000,8.22000,8.13000,8.14000,88200
1587,2018-02-07,8.12000,8.26000,8.12000,8.18000,185600
1588,2018-02-07,8.12000,8.26000,8.12000,8.18000,185600
1589,2018-02-06,8.02000,8.17000,8.02000,8.14000,171000
1590,2018-02-06,8.02000,8.17000,8.02000,8.14000,171000
1591,2018-02-05,8.18000,8.28000,8.07000,8.12000,217700
1592,2018-02-05,8.18000,8.28000,8.07000,8.12000,217700
1593,2018-02-02,8.38000,8.38000,8.23000,8.23000,158600
1594,2018-02-02,8.38000,8.38000,8.23000,8.23000,158600
1595,2018-02-01,8.37000,8.43000,8.37000,8.38000,200100
1596,2018-02-01,8.37000,8.43000,8.37000,8.38000,200100
1597,2018-01-31,8.36000,8.40000,8.33000,8.38000,201100
1598,2018-01-31,8.36000,8.40000,8.33000,8.38000,201100
1599,2018-01-30,8.33000,8.35000,8.31000,8.33000,178200
1600,2018-01-30,8.33000,8.35000,8.31000,8.33000,178200
1601,2018-01-29,8.37000,8.39000,8.33000,8.34000,129900
1602,2018-01-29,8.37000,8.39000,8.33000,8.34000,129900
1603,2018-01-26,8.42000,8.42000,8.36000,8.39000,179800
1604,2018-01-26,8.42000,8.42000,8.36000,8.39000,179800
1605,2018-01-25,8.41000,8.44000,8.38000,8.40000,116700
1606,2018-01-25,8.41000,8.44000,8.38000,8.40000,116700
1607,2018-01-24,8.41000,8.43000,8.38000,8.41000,116400
1608,2018-01-24,8.41000,8.43000,8.38000,8.41000,116400
1609,2018-01-23,8.40000,8.41000,8.36000,8.39000,99700
1610,2018-01-23,8.40000,8.41000,8.36000,8.39000,99700
1611,2018-01-22,8.38000,8.41000,8.36000,8.38000,256200
1612,2018-01-22,8.38000,8.41000,8.36000,8.38000,256200
1613,2018-01-19,8.36000,8.39000,8.33000,8.37000,260400
1614,2018-01-19,8.36000,8.39000,8.33000,8.37000,260400
1615,2018-01-18,8.43000,8.44000,8.35000,8.36000,198600
1616,2018-01-18,8.43000,8.44000,8.35000,8.36000,198600
1617,2018-01-17,8.44000,8.46000,8.38000,8.46000,218100
1618,2018-01-17,8.44000,8.46000,8.38000,8.46000,218100
1619,2018-01-16,8.42000,8.46000,8.41000,8.45000,119700
1620,2018-01-16,8.42000,8.46000,8.41000,8.45000,119700
1621,2018-01-12,8.51000,8.51000,8.44000,8.47000,170100
1622,2018-01-12,8.51000,8.51000,8.44000,8.47000,170100
1623,2018-01-11,8.51000,8.51000,8.47000,8.51000,89800
1624,2018-01-11,8.51000,8.51000,8.47000,8.51000,89800
1625,2018-01-10,8.52000,8.52000,8.45000,8.50000,142900
1626,2018-01-10,8.52000,8.52000,8.45000,8.50000,142900
1627,2018-01-09,8.54000,8.55000,8.50000,8.51000,138200
1628,2018-01-09,8.54000,8.55000,8.50000,8.51000,138200
1629,2018-01-08,8.53000,8.55000,8.51000,8.53000,86900
1630,2018-01-08,8.53000,8.55000,8.51000,8.53000,86900
1631,2018-01-05,8.53000,8.54000,8.51000,8.54000,107900
1632,2018-01-05,8.53000,8.54000,8.51000,8.54000,107900
1633,2018-01-04,8.53000,8.54000,8.50000,8.51000,83200
1634,2018-01-04,8.53000,8.54000,8.50000,8.51000,83200
1635,2018-01-03,8.50000,8.53000,8.49000,8.53000,72100
1636,2018-01-03,8.50000,8.53000,8.49000,8.53000,72100
1637,2018-01-02,8.50000,8.53000,8.50000,8.50000,118500
1638,2018-01-02,8.50000,8.53000,8.50000,8.50000,118500
1639,2017-12-29,8.48000,8.50000,8.48000,8.48000,111200
1640,2017-12-29,8.48000,8.50000,8.48000,8.48000,111200
1641,2017-12-28,8.48000,8.50000,8.48000,8.48000,75500
1642,2017-12-28,8.48000,8.50000,8.48000,8.48000,75500
1643,2017-12-27,8.48000,8.50000,8.46000,8.50000,114400
1644,2017-12-27,8.48000,8.50000,8.46000,8.50000,114400
1645,2017-12-26,8.47000,8.48000,8.45000,8.48000,178700
1646,2017-12-26,8.47000,8.48000,8.45000,8.48000,178700
1647,2017-12-22,8.45000,8.47000,8.44000,8.47000,72900
1648,2017-12-22,8.45000,8.47000,8.44000,8.47000,72900
1649,2017-12-21,8.42000,8.47000,8.42000,8.44000,127900
1650,2017-12-21,8.42000,8.47000,8.42000,8.44000,127900
1651,2017-12-20,8.41000,8.45000,8.40000,8.44000,135000
1652,2017-12-20,8.41000,8.45000,8.40000,8.44000,135000
1653,2017-12-19,8.46000,8.46000,8.38000,8.41000,189700
1654,2017-12-19,8.46000,8.46000,8.38000,8.41000,189700
1655,2017-12-18,8.53000,8.56000,8.50000,8.51000,123600
1656,2017-12-18,8.53000,8.56000,8.50000,8.51000,123600
1657,2017-12-15,8.51000,8.53000,8.50000,8.50000,136400
1658,2017-12-15,8.51000,8.53000,8.50000,8.50000,136400
1659,2017-12-14,8.53000,8.54000,8.50000,8.53000,84800
1660,2017-12-14,8.53000,8.54000,8.50000,8.53000,84800
1661,2017-12-13,8.49000,8.55000,8.49000,8.54000,108600
1662,2017-12-13,8.49000,8.55000,8.49000,8.54000,108600
1663,2017-12-12,8.50000,8.51000,8.48000,8.49000,209800
1664,2017-12-12,8.50000,8.51000,8.48000,8.49000,209800
1665,2017-12-11,8.51000,8.54000,8.48000,8.49000,212000
1666,2017-12-11,8.51000,8.54000,8.48000,8.49000,212000
1667,2017-12-08,8.51000,8.53000,8.46000,8.51000,189700
1668,2017-12-08,8.51000,8.53000,8.46000,8.51000,189700
1669,2017-12-07,8.52000,8.53000,8.50000,8.51000,99900
1670,2017-12-07,8.52000,8.53000,8.50000,8.51000,99900
1671,2017-12-06,8.49000,8.52000,8.48000,8.52000,111700
1672,2017-12-06,8.49000,8.52000,8.48000,8.52000,111700
1673,2017-12-05,8.45000,8.49000,8.44000,8.49000,90300
1674,2017-12-05,8.45000,8.49000,8.44000,8.49000,90300
1675,2017-12-04,8.48000,8.50000,8.45000,8.46000,67600
1676,2017-12-04,8.48000,8.50000,8.45000,8.46000,67600
1677,2017-12-01,8.41000,8.49000,8.41000,8.49000,125000
1678,2017-12-01,8.41000,8.49000,8.41000,8.49000,125000
1679,2017-11-30,8.48000,8.50000,8.40000,8.40000,297100
1680,2017-11-30,8.48000,8.50000,8.40000,8.40000,297100
1681,2017-11-29,8.49000,8.49000,8.44000,8.48000,230000
1682,2017-11-29,8.49000,8.49000,8.44000,8.48000,230000
1683,2017-11-28,8.48000,8.49000,8.46000,8.48000,136300
1684,2017-11-28,8.48000,8.49000,8.46000,8.48000,136300
1685,2017-11-27,8.46000,8.48000,8.45000,8.47000,177900
1686,2017-11-27,8.46000,8.48000,8.45000,8.47000,177900
1687,2017-11-24,8.48000,8.49000,8.45000,8.45000,74900
1688,2017-11-24,8.48000,8.49000,8.45000,8.45000,74900
1689,2017-11-22,8.44000,8.47000,8.44000,8.47000,78500
1690,2017-11-22,8.44000,8.47000,8.44000,8.47000,78500
1691,2017-11-21,8.43000,8.46000,8.42000,8.43000,92000
1692,2017-11-21,8.43000,8.46000,8.42000,8.43000,92000
1693,2017-11-20,8.45000,8.48000,8.40000,8.43000,144300
1694,2017-11-20,8.45000,8.48000,8.40000,8.43000,144300
1695,2017-11-17,8.40000,8.46000,8.39000,8.43000,88900
1696,2017-11-17,8.40000,8.46000,8.39000,8.43000,88900
1697,2017-11-16,8.37000,8.41000,8.37000,8.40000,97600
1698,2017-11-16,8.37000,8.41000,8.37000,8.40000,97600
1699,2017-11-15,8.34000,8.37000,8.29000,8.37000,91000
1700,2017-11-15,8.34000,8.37000,8.29000,8.37000,91000
1701,2017-11-14,8.39000,8.40000,8.33000,8.35000,93800
1702,2017-11-14,8.39000,8.40000,8.33000,8.35000,93800
1703,2017-11-13,8.50000,8.52000,8.45000,8.46000,97500
1704,2017-11-13,8.50000,8.52000,8.45000,8.46000,97500
1705,2017-11-10,8.49000,8.53000,8.49000,8.53000,50400
1706,2017-11-10,8.49000,8.53000,8.49000,8.53000,50400
1707,2017-11-09,8.56000,8.56000,8.50000,8.50000,105200
1708,2017-11-09,8.56000,8.56000,8.50000,8.50000,105200
1709,2017-11-08,8.57000,8.59000,8.55000,8.58000,157000
1710,2017-11-08,8.57000,8.59000,8.55000,8.58000,157000
1711,2017-11-07,8.59000,8.60000,8.56000,8.56000,167500
1712,2017-11-07,8.59000,8.60000,8.56000,8.56000,167500
1713,2017-11-06,8.55000,8.61000,8.55000,8.60000,135800
1714,2017-11-06,8.55000,8.61000,8.55000,8.60000,135800
1715,2017-11-03,8.58000,8.60000,8.55000,8.55000,88700
1716,2017-11-02,8.59000,8.60000,8.54000,8.60000,126000
1717,2017-11-01,8.57000,8.60000,8.56000,8.59000,127100
1718,2017-10-31,8.56000,8.59000,8.55000,8.55000,100300
1719,2017-10-30,8.58000,8.59000,8.55000,8.55000,104600
1720,2017-10-27,8.56000,8.60000,8.56000,8.58000,83600
1721,2017-10-26,8.60000,8.60000,8.55000,8.57000,81200
1722,2017-10-25,8.63000,8.64000,8.56000,8.58000,64100
1723,2017-10-24,8.66000,8.66000,8.63000,8.64000,82300
1724,2017-10-23,8.64000,8.67000,8.64000,8.65000,77200
1725,2017-10-20,8.66000,8.66000,8.64000,8.64000,62200
1726,2017-10-19,8.61000,8.67000,8.61000,8.67000,83900
1727,2017-10-18,8.66000,8.67000,8.62000,8.62000,122000
1728,2017-10-17,8.66000,8.66000,8.64000,8.66000,72800
1729,2017-10-16,8.70000,8.71000,8.68000,8.70000,84500
1730,2017-10-13,8.68000,8.72000,8.66000,8.70000,97000
1731,2017-10-12,8.68000,8.68000,8.64000,8.68000,86600
1732,2017-10-11,8.66000,8.70000,8.64000,8.68000,168900
1733,2017-10-10,8.65000,8.68000,8.63000,8.66000,200500
1734,2017-10-09,8.66000,8.67000,8.63000,8.63000,68600
1735,2017-10-06,8.62000,8.68000,8.62000,8.68000,107100
1736,2017-10-05,8.65000,8.65000,8.62000,8.62000,68000
1737,2017-10-04,8.68000,8.69000,8.64000,8.65000,78400
1738,2017-10-03,8.70000,8.70000,8.66000,8.68000,88500
1739,2017-10-02,8.70000,8.71000,8.68000,8.69000,159000
1740,2017-09-29,8.66000,8.71000,8.65000,8.67000,185000
1741,2017-09-28,8.67000,8.68000,8.63000,8.64000,128700
1742,2017-09-27,8.66000,8.69000,8.66000,8.68000,154200
1743,2017-09-26,8.67000,8.71000,8.67000,8.67000,199800
1744,2017-09-25,8.65000,8.68000,8.62000,8.67000,139800
1745,2017-09-22,8.60000,8.67000,8.59000,8.67000,86900
1746,2017-09-21,8.63000,8.63000,8.58000,8.58000,81600
1747,2017-09-20,8.58000,8.63000,8.57000,8.62000,94800
1748,2017-09-19,8.58000,8.60000,8.56000,8.58000,234900
1749,2017-09-18,8.58000,8.60000,8.57000,8.58000,125600
1750,2017-09-15,8.56000,8.61000,8.56000,8.58000,150600
1751,2017-09-14,8.58000,8.59000,8.54000,8.58000,213000
1752,2017-09-13,8.56000,8.60000,8.56000,8.60000,117500
1753,2017-09-12,8.57000,8.60000,8.55000,8.58000,156800
1754,2017-09-11,8.60000,8.65000,8.60000,8.63000,102100
1755,2017-09-08,8.60000,8.63000,8.59000,8.61000,70700
1756,2017-09-07,8.61000,8.62000,8.60000,8.62000,97600
1757,2017-09-06,8.60000,8.63000,8.60000,8.63000,110700
1758,2017-09-05,8.69000,8.69000,8.58000,8.59000,147600
1759,2017-09-01,8.64000,8.70000,8.64000,8.68000,126800
1760,2017-08-31,8.63000,8.69000,8.63000,8.65000,94400
1761,2017-08-30,8.65000,8.66000,8.63000,8.63000,89200
1762,2017-08-29,8.65000,8.68000,8.63000,8.64000,125400
1763,2017-08-28,8.64000,8.66000,8.63000,8.66000,102300
1764,2017-08-25,8.65000,8.68000,8.64000,8.64000,370600
1765,2017-08-24,8.59000,8.64000,8.59000,8.64000,165900
1766,2017-08-23,8.60000,8.61000,8.56000,8.57000,158200
1767,2017-08-22,8.56000,8.62000,8.56000,8.62000,113600
1768,2017-08-21,8.55000,8.59000,8.54000,8.54000,170600
1769,2017-08-18,8.51000,8.56000,8.51000,8.53000,172600
1770,2017-08-17,8.54000,8.56000,8.50000,8.50000,260400
1771,2017-08-16,8.51000,8.56000,8.51000,8.54000,303100
1772,2017-08-15,8.55000,8.56000,8.51000,8.52000,60500
1773,2017-08-14,8.57000,8.64000,8.57000,8.61000,70000
1774,2017-08-11,8.47000,8.58000,8.42000,8.56000,189200
1775,2017-08-10,8.57000,8.57000,8.48000,8.50000,311000
1776,2017-08-09,8.60000,8.61000,8.57000,8.57000,148000
1777,2017-08-08,8.63000,8.64000,8.58000,8.60000,222300
1778,2017-08-07,8.66000,8.67000,8.62000,8.64000,188000
1779,2017-08-04,8.67000,8.69000,8.63000,8.67000,153100
1780,2017-08-03,8.72000,8.72000,8.64000,8.66000,358000
1781,2017-08-02,8.74000,8.74000,8.69000,8.71000,166400
1782,2017-08-01,8.69000,8.75000,8.69000,8.73000,130900
1783,2017-07-31,8.70000,8.71000,8.67000,8.68000,103600
1784,2017-07-28,8.69000,8.70000,8.68000,8.68000,155400
1785,2017-07-27,8.67000,8.68000,8.66000,8.68000,107300
1786,2017-07-26,8.70000,8.70000,8.66000,8.67000,186300
1787,2017-07-25,8.65000,8.71000,8.65000,8.67000,215000
1788,2017-07-24,8.69000,8.70000,8.64000,8.64000,74900
1789,2017-07-21,8.69000,8.72000,8.68000,8.70000,108400
1790,2017-07-20,8.70000,8.70000,8.65000,8.68000,72900
1791,2017-07-19,8.70000,8.70000,8.67000,8.68000,189700
1792,2017-07-18,8.70000,8.70000,8.67000,8.69000,101400
1793,2017-07-17,8.72000,8.76000,8.70000,8.74000,90800
1794,2017-07-14,8.70000,8.73000,8.68000,8.73000,109500
1795,2017-07-13,8.70000,8.72000,8.69000,8.69000,51200
1796,2017-07-12,8.66000,8.71000,8.66000,8.71000,89700
1797,2017-07-11,8.64000,8.68000,8.64000,8.65000,95900
1798,2017-07-10,8.63000,8.68000,8.61000,8.65000,129500
1799,2017-07-07,8.65000,8.66000,8.63000,8.65000,82600
1800,2017-07-06,8.66000,8.68000,8.60000,8.63000,133100
1801,2017-07-05,8.68000,8.68000,8.64000,8.68000,87500
1802,2017-07-03,8.63000,8.70000,8.61000,8.65000,206100
1803,2017-06-30,8.62000,8.66000,8.61000,8.64000,127300
1804,2017-06-29,8.67000,8.68000,8.56000,8.59000,261600
1805,2017-06-28,8.62000,8.71000,8.62000,8.69000,118000
1806,2017-06-27,8.66000,8.69000,8.61000,8.62000,171200
1807,2017-06-26,8.69000,8.70000,8.65000,8.67000,77900
1808,2017-06-23,8.67000,8.70000,8.67000,8.69000,74700
1809,2017-06-22,8.67000,8.70000,8.67000,8.69000,89100
1810,2017-06-21,8.70000,8.70000,8.67000,8.68000,110400
1811,2017-06-20,8.68000,8.70000,8.67000,8.69000,135400
1812,2017-06-19,8.65000,8.73000,8.65000,8.69000,116700
1813,2017-06-16,8.67000,8.67000,8.64000,8.66000,74300
1814,2017-06-15,8.67000,8.68000,8.65000,8.66000,95800
1815,2017-06-14,8.68000,8.71000,8.68000,8.68000,82400
1816,2017-06-13,8.69000,8.74000,8.66000,8.67000,125000
1817,2017-06-12,8.74000,8.75000,8.73000,8.75000,28800
1818,2017-06-09,8.74000,8.75000,8.72000,8.74000,92200
1819,2017-06-08,8.74000,8.74000,8.71000,8.73000,115300
1820,2017-06-07,8.75000,8.76000,8.70000,8.72000,74500
1821,2017-06-06,8.74000,8.75000,8.72000,8.75000,166000
1822,2017-06-05,8.71000,8.74000,8.70000,8.74000,107100
1823,2017-06-02,8.73000,8.73000,8.68000,8.70000,206100
1824,2017-06-01,8.73000,8.74000,8.68000,8.71000,199800
1825,2017-05-31,8.73000,8.73000,8.69000,8.73000,130600
1826,2017-05-30,8.75000,8.76000,8.70000,8.71000,59000
1827,2017-05-26,8.73000,8.75000,8.70000,8.75000,244100
1828,2017-05-25,8.70000,8.73000,8.69000,8.73000,98300
1829,2017-05-24,8.68000,8.69000,8.66000,8.69000,91500
1830,2017-05-23,8.65000,8.68000,8.65000,8.66000,64300
1831,2017-05-22,8.65000,8.68000,8.64000,8.65000,135400
1832,2017-05-19,8.65000,8.67000,8.63000,8.64000,103900
1833,2017-05-18,8.64000,8.64000,8.59000,8.63000,149200
1834,2017-05-17,8.62000,8.67000,8.61000,8.64000,341300
1835,2017-05-16,8.65000,8.66000,8.63000,8.64000,120100
1836,2017-05-15,8.66000,8.69000,8.63000,8.69000,58500
1837,2017-05-12,8.66000,8.68000,8.63000,8.64000,77300
1838,2017-05-11,8.67000,8.68000,8.61000,8.65000,125600
1839,2017-05-10,8.61000,8.70000,8.61000,8.66000,179300
1840,2017-05-09,8.67000,8.68000,8.58000,8.61000,286600
1841,2017-05-08,8.65000,8.70000,8.64000,8.68000,135200
1842,2017-05-05,8.67000,8.68000,8.64000,8.64000,156000
1843,2017-05-04,8.68000,8.69000,8.65000,8.67000,143600
1844,2017-05-03,8.66000,8.72000,8.65000,8.68000,121300
1845,2017-05-02,8.66000,8.68000,8.62000,8.67000,208000
1846,2017-05-01,8.67000,8.68000,8.65000,8.65000,87600
1847,2017-04-28,8.65000,8.67000,8.64000,8.66000,110400
1848,2017-04-27,8.65000,8.67000,8.62000,8.67000,121600
1849,2017-04-26,8.66000,8.67000,8.63000,8.64000,181500
1850,2017-04-25,8.65000,8.67000,8.63000,8.65000,121900
1851,2017-04-24,8.65000,8.65000,8.62000,8.64000,143600
1852,2017-04-21,8.64000,8.64000,8.61000,8.61000,78200
1853,2017-04-20,8.64000,8.67000,8.60000,8.65000,157200
1854,2017-04-19,8.63000,8.65000,8.61000,8.63000,91900
1855,2017-04-18,8.63000,8.64000,8.59000,8.61000,116400
1856,2017-04-17,8.69000,8.70000,8.68000,8.69000,55000
1857,2017-04-13,8.68000,8.70000,8.66000,8.68000,74300
1858,2017-04-12,8.66000,8.70000,8.66000,8.66000,149600
1859,2017-04-11,8.65000,8.68000,8.64000,8.68000,98900
1860,2017-04-10,8.64000,8.71000,8.62000,8.66000,164700
1861,2017-04-07,8.60000,8.66000,8.60000,8.64000,107600
1862,2017-04-06,8.63000,8.65000,8.60000,8.62000,158700
1863,2017-04-05,8.60000,8.63000,8.60000,8.62000,142400
1864,2017-04-04,8.64000,8.64000,8.56000,8.57000,153900
1865,2017-04-03,8.59000,8.65000,8.59000,8.65000,116200
1866,2017-03-31,8.58000,8.62000,8.57000,8.61000,95100
1867,2017-03-30,8.53000,8.59000,8.53000,8.58000,127800
1868,2017-03-29,8.49000,8.55000,8.49000,8.53000,71400
1869,2017-03-28,8.46000,8.50000,8.46000,8.49000,143400
1870,2017-03-27,8.50000,8.51000,8.46000,8.49000,130000
1871,2017-03-24,8.47000,8.50000,8.47000,8.50000,33100
1872,2017-03-23,8.46000,8.48000,8.46000,8.46000,46500
1873,2017-03-22,8.47000,8.48000,8.42000,8.47000,117900
1874,2017-03-21,8.48000,8.50000,8.45000,8.45000,220900
1875,2017-03-20,8.47000,8.51000,8.45000,8.48000,91600
1876,2017-03-17,8.46000,8.49000,8.43000,8.47000,107600
1877,2017-03-16,8.38000,8.42000,8.38000,8.42000,102700
1878,2017-03-15,8.31000,8.44000,8.31000,8.37000,131100
1879,2017-03-14,8.31000,8.32000,8.30000,8.31000,110000
1880,2017-03-13,8.46000,8.47000,8.37000,8.39000,127500
1881,2017-03-10,8.42000,8.48000,8.41000,8.47000,218000
1882,2017-03-10,8.42000,8.48000,8.41000,8.47000,218000
1883,2017-03-09,8.52000,8.52000,8.31000,8.40000,645500
1884,2017-03-09,8.52000,8.52000,8.31000,8.40000,645500
1885,2017-03-08,8.61000,8.61000,8.47000,8.50000,417700
1886,2017-03-08,8.61000,8.61000,8.47000,8.50000,417700
1887,2017-03-07,8.65000,8.65000,8.60000,8.61000,137800
1888,2017-03-07,8.65000,8.65000,8.60000,8.61000,137800
1889,2017-03-06,8.66000,8.66000,8.63000,8.66000,83100
1890,2017-03-06,8.66000,8.66000,8.63000,8.66000,83100
1891,2017-03-03,8.64000,8.68000,8.63000,8.67000,103300
1892,2017-03-03,8.64000,8.68000,8.63000,8.67000,103300
1893,2017-03-02,8.70000,8.71000,8.64000,8.64000,82400
1894,2017-03-02,8.70000,8.71000,8.64000,8.64000,82400
1895,2017-03-01,8.70000,8.74000,8.69000,8.74000,82900
1896,2017-03-01,8.70000,8.74000,8.69000,8.74000,82900
1897,2017-02-28,8.67000,8.70000,8.66000,8.70000,71300
1898,2017-02-28,8.67000,8.70000,8.66000,8.70000,71300
1899,2017-02-27,8.66000,8.68000,8.64000,8.66000,72000
1900,2017-02-27,8.66000,8.68000,8.64000,8.66000,72000
1901,2017-02-24,8.57000,8.67000,8.57000,8.67000,144600
1902,2017-02-24,8.57000,8.67000,8.57000,8.67000,144600
1903,2017-02-23,8.59000,8.63000,8.57000,8.57000,131400
1904,2017-02-23,8.59000,8.63000,8.57000,8.57000,131400
1905,2017-02-22,8.58000,8.61000,8.55000,8.58000,147400
1906,2017-02-22,8.58000,8.61000,8.55000,8.58000,147400
1907,2017-02-21,8.59000,8.61000,8.57000,8.61000,101300
1908,2017-02-21,8.59000,8.61000,8.57000,8.61000,101300
1909,2017-02-17,8.54000,8.59000,8.54000,8.57000,106400
1910,2017-02-17,8.54000,8.59000,8.54000,8.57000,106400
1911,2017-02-16,8.56000,8.58000,8.54000,8.56000,96400
1912,2017-02-16,8.56000,8.58000,8.54000,8.56000,96400
1913,2017-02-15,8.61000,8.61000,8.57000,8.58000,120000
1914,2017-02-15,8.61000,8.61000,8.57000,8.58000,120000
1915,2017-02-14,8.61000,8.63000,8.57000,8.58000,118300
1916,2017-02-14,8.61000,8.63000,8.57000,8.58000,118300
1917,2017-02-13,8.67000,8.70000,8.64000,8.66000,79100
1918,2017-02-13,8.67000,8.70000,8.64000,8.66000,79100
1919,2017-02-10,8.68000,8.68000,8.64000,8.64000,144000
1920,2017-02-10,8.68000,8.68000,8.64000,8.64000,144000
1921,2017-02-09,8.68000,8.71000,8.66000,8.69000,80900
1922,2017-02-09,8.68000,8.71000,8.66000,8.69000,80900
1923,2017-02-08,8.67000,8.69000,8.65000,8.66000,109700
1924,2017-02-08,8.67000,8.69000,8.65000,8.66000,109700
1925,2017-02-07,8.69000,8.69000,8.64000,8.68000,83900
1926,2017-02-07,8.69000,8.69000,8.64000,8.68000,83900
1927,2017-02-06,8.66000,8.70000,8.65000,8.69000,107800
1928,2017-02-06,8.66000,8.70000,8.65000,8.69000,107800
1929,2017-02-03,8.63000,8.65000,8.62000,8.65000,160900
1930,2017-02-03,8.63000,8.65000,8.62000,8.65000,160900
1931,2017-02-02,8.65000,8.70000,8.59000,8.60000,127600
1932,2017-02-02,8.65000,8.70000,8.59000,8.60000,127600
1933,2017-02-01,8.66000,8.68000,8.65000,8.66000,87800
1934,2017-02-01,8.66000,8.68000,8.65000,8.66000,87800
1935,2017-01-31,8.66000,8.68000,8.63000,8.64000,129300
1936,2017-01-31,8.66000,8.68000,8.63000,8.64000,129300
1937,2017-01-30,8.63000,8.66000,8.61000,8.66000,426700
1938,2017-01-30,8.63000,8.66000,8.61000,8.66000,426700
1939,2017-01-27,8.67000,8.68000,8.61000,8.63000,120500
1940,2017-01-27,8.67000,8.68000,8.61000,8.63000,120500
1941,2017-01-26,8.68000,8.69000,8.66000,8.66000,85100
1942,2017-01-26,8.68000,8.69000,8.66000,8.66000,85100
1943,2017-01-25,8.63000,8.69000,8.60000,8.67000,360400
1944,2017-01-25,8.63000,8.69000,8.60000,8.67000,360400
1945,2017-01-24,8.57000,8.59000,8.55000,8.59000,417100
1946,2017-01-24,8.57000,8.59000,8.55000,8.59000,417100
1947,2017-01-23,8.54000,8.58000,8.54000,8.55000,111900
1948,2017-01-23,8.54000,8.58000,8.54000,8.55000,111900
1949,2017-01-20,8.52000,8.60000,8.52000,8.55000,100400
1950,2017-01-20,8.52000,8.60000,8.52000,8.55000,100400
1951,2017-01-19,8.56000,8.56000,8.52000,8.53000,99400
1952,2017-01-19,8.56000,8.56000,8.52000,8.53000,99400
1953,2017-01-18,8.59000,8.59000,8.54000,8.54000,76500
1954,2017-01-18,8.59000,8.59000,8.54000,8.54000,76500
1955,2017-01-17,8.57000,8.59000,8.56000,8.59000,70100
1956,2017-01-17,8.57000,8.59000,8.56000,8.59000,70100
1957,2017-01-13,8.61000,8.64000,8.61000,8.62000,72800
1958,2017-01-13,8.61000,8.64000,8.61000,8.62000,72800
1959,2017-01-12,8.64000,8.65000,8.61000,8.61000,152600
1960,2017-01-12,8.64000,8.65000,8.61000,8.61000,152600
1961,2017-01-11,8.62000,8.64000,8.61000,8.64000,69300
1962,2017-01-11,8.62000,8.64000,8.61000,8.64000,69300
1963,2017-01-10,8.58000,8.65000,8.56000,8.61000,125800
1964,2017-01-10,8.58000,8.65000,8.56000,8.61000,125800
1965,2017-01-09,8.62000,8.62000,8.54000,8.55000,213100
1966,2017-01-09,8.62000,8.62000,8.54000,8.55000,213100
1967,2017-01-06,8.57000,8.65000,8.56000,8.61000,151100
1968,2017-01-06,8.57000,8.65000,8.56000,8.61000,151100
1969,2017-01-05,8.58000,8.60000,8.54000,8.57000,129600
1970,2017-01-05,8.58000,8.60000,8.54000,8.57000,129600
1971,2017-01-04,8.59000,8.60000,8.54000,8.58000,111800
1972,2017-01-04,8.59000,8.60000,8.54000,8.58000,111800
1973,2017-01-03,8.54000,8.59000,8.53000,8.57000,103600
1974,2017-01-03,8.54000,8.59000,8.53000,8.57000,103600
1975,2016-12-30,8.54000,8.54000,8.52000,8.52000,275500
1976,2016-12-30,8.54000,8.54000,8.52000,8.52000,275500
1977,2016-12-29,8.47000,8.51000,8.47000,8.51000,116000
1978,2016-12-29,8.47000,8.51000,8.47000,8.51000,116000
1979,2016-12-28,8.47000,8.51000,8.46000,8.46000,267100
1980,2016-12-28,8.47000,8.51000,8.46000,8.46000,267100
1981,2016-12-27,8.45000,8.50000,8.44000,8.45000,165000
1982,2016-12-27,8.45000,8.50000,8.44000,8.45000,165000
1983,2016-12-23,8.40000,8.47000,8.40000,8.44000,117600
1984,2016-12-23,8.40000,8.47000,8.40000,8.44000,117600
1985,2016-12-22,8.41000,8.42000,8.39000,8.40000,139800
1986,2016-12-22,8.41000,8.42000,8.39000,8.40000,139800
1987,2016-12-21,8.36000,8.41000,8.36000,8.40000,296100
1988,2016-12-21,8.36000,8.41000,8.36000,8.40000,296100
1989,2016-12-20,8.38000,8.40000,8.35000,8.37000,85600
1990,2016-12-20,8.38000,8.40000,8.35000,8.37000,85600
1991,2016-12-19,8.45000,8.46000,8.44000,8.44000,59300
1992,2016-12-19,8.45000,8.46000,8.44000,8.44000,59300
1993,2016-12-16,8.38000,8.44000,8.38000,8.44000,76900
1994,2016-12-16,8.38000,8.44000,8.38000,8.44000,76900
1995,2016-12-15,8.43000,8.43000,8.40000,8.40000,114200
1996,2016-12-15,8.43000,8.43000,8.40000,8.40000,114200
1997,2016-12-14,8.46000,8.47000,8.41000,8.41000,126800
1998,2016-12-14,8.46000,8.47000,8.41000,8.41000,126800
1999,2016-12-13,8.45000,8.47000,8.42000,8.46000,103800
2000,2016-12-13,8.45000,8.47000,8.42000,8.46000,103800
2001,2016-12-12,8.42000,8.47000,8.42000,8.44000,96000
2002,2016-12-12,8.42000,8.47000,8.42000,8.44000,96000
2003,2016-12-09,8.40000,8.45000,8.35000,8.45000,99200
2004,2016-12-09,8.40000,8.45000,8.35000,8.45000,99200
2005,2016-12-08,8.42000,8.44000,8.37000,8.37000,116900
2006,2016-12-08,8.42000,8.44000,8.37000,8.37000,116900
2007,2016-12-07,8.35000,8.46000,8.35000,8.43000,123900
2008,2016-12-07,8.35000,8.46000,8.35000,8.43000,123900
2009,2016-12-06,8.33000,8.39000,8.33000,8.38000,84600
2010,2016-12-06,8.33000,8.39000,8.33000,8.38000,84600
2011,2016-12-05,8.30000,8.36000,8.30000,8.34000,133900
2012,2016-12-05,8.30000,8.36000,8.30000,8.34000,133900
2013,2016-12-02,8.25000,8.32000,8.25000,8.31000,103900
2014,2016-12-02,8.25000,8.32000,8.25000,8.31000,103900
2015,2016-12-01,8.32000,8.34000,8.28000,8.28000,117700
2016,2016-12-01,8.32000,8.34000,8.28000,8.28000,117700
2017,2016-11-30,8.38000,8.39000,8.34000,8.35000,158600
2018,2016-11-30,8.38000,8.39000,8.34000,8.35000,158600
2019,2016-11-29,8.35000,8.37000,8.34000,8.35000,143000
2020,2016-11-29,8.35000,8.37000,8.34000,8.35000,143000
2021,2016-11-28,8.35000,8.37000,8.35000,8.36000,147300
2022,2016-11-28,8.35000,8.37000,8.35000,8.36000,147300
2023,2016-11-25,8.28000,8.34000,8.28000,8.34000,133400
2024,2016-11-25,8.28000,8.34000,8.28000,8.34000,133400
2025,2016-11-23,8.31000,8.34000,8.23000,8.24000,129500
2026,2016-11-23,8.31000,8.34000,8.23000,8.24000,129500
2027,2016-11-22,8.32000,8.34000,8.31000,8.34000,109700
2028,2016-11-22,8.32000,8.34000,8.31000,8.34000,109700
2029,2016-11-21,8.29000,8.34000,8.29000,8.31000,107600
2030,2016-11-21,8.29000,8.34000,8.29000,8.31000,107600
2031,2016-11-18,8.23000,8.31000,8.23000,8.26000,121900
2032,2016-11-18,8.23000,8.31000,8.23000,8.26000,121900
2033,2016-11-17,8.16000,8.24000,8.15000,8.22000,126800
2034,2016-11-17,8.16000,8.24000,8.15000,8.22000,126800
2035,2016-11-16,8.14000,8.20000,8.13000,8.18000,145100
2036,2016-11-16,8.14000,8.20000,8.13000,8.18000,145100
2037,2016-11-15,8.10000,8.16000,8.08000,8.14000,92800
2038,2016-11-15,8.10000,8.16000,8.08000,8.14000,92800
2039,2016-11-14,8.21000,8.21000,8.10000,8.12000,154600
2040,2016-11-14,8.21000,8.21000,8.10000,8.12000,154600
2041,2016-11-11,8.19000,8.23000,8.18000,8.20000,107300
2042,2016-11-11,8.19000,8.23000,8.18000,8.20000,107300
2043,2016-11-10,8.32000,8.32000,8.18000,8.18000,224300
2044,2016-11-10,8.32000,8.32000,8.18000,8.18000,224300
2045,2016-11-09,8.29000,8.35000,8.29000,8.31000,143000
2046,2016-11-09,8.29000,8.35000,8.29000,8.31000,143000
2047,2016-11-08,8.30000,8.41000,8.30000,8.36000,110400
2048,2016-11-08,8.30000,8.41000,8.30000,8.36000,110400
2049,2016-11-07,8.34000,8.36000,8.30000,8.32000,112800
2050,2016-11-07,8.34000,8.36000,8.30000,8.32000,112800
2051,2016-11-04,8.28000,8.30000,8.25000,8.26000,50000
2052,2016-11-03,8.29000,8.31000,8.25000,8.26000,142900
2053,2016-11-02,8.36000,8.37000,8.23000,8.26000,185000
2054,2016-11-01,8.43000,8.43000,8.35000,8.41000,109100
2055,2016-10-31,8.45000,8.46000,8.40000,8.45000,116200
2056,2016-10-28,8.42000,8.43000,8.39000,8.42000,67900
2057,2016-10-27,8.48000,8.49000,8.39000,8.39000,114200
2058,2016-10-26,8.48000,8.50000,8.45000,8.48000,105600
2059,2016-10-25,8.45000,8.53000,8.45000,8.47000,80200
2060,2016-10-24,8.49000,8.49000,8.44000,8.45000,65000
2061,2016-10-21,8.41000,8.47000,8.41000,8.47000,59900
2062,2016-10-20,8.47000,8.47000,8.42000,8.44000,50100
2063,2016-10-19,8.40000,8.45000,8.40000,8.45000,201100
2064,2016-10-18,8.47000,8.47000,8.39000,8.40000,107400
2065,2016-10-17,8.47000,8.48000,8.45000,8.47000,72400
2066,2016-10-14,8.53000,8.53000,8.46000,8.47000,58200
2067,2016-10-13,8.50000,8.54000,8.48000,8.48000,64900
2068,2016-10-12,8.56000,8.57000,8.53000,8.54000,59300
2069,2016-10-11,8.57000,8.60000,8.53000,8.55000,110100
2070,2016-10-10,8.58000,8.64000,8.58000,8.61000,121700
2071,2016-10-07,8.58000,8.61000,8.55000,8.61000,55100
2072,2016-10-06,8.59000,8.63000,8.56000,8.61000,204900
2073,2016-10-05,8.54000,8.65000,8.54000,8.62000,121400
2074,2016-10-04,8.63000,8.65000,8.55000,8.56000,129600
2075,2016-10-03,8.64000,8.66000,8.59000,8.66000,67800
2076,2016-09-30,8.61000,8.66000,8.60000,8.64000,155500
2077,2016-09-29,8.59000,8.63000,8.55000,8.59000,90200
2078,2016-09-28,8.53000,8.59000,8.53000,8.58000,88000
2079,2016-09-27,8.51000,8.54000,8.47000,8.53000,193900
2080,2016-09-26,8.51000,8.54000,8.50000,8.52000,74500
2081,2016-09-23,8.54000,8.55000,8.52000,8.54000,94300
2082,2016-09-22,8.54000,8.55000,8.52000,8.54000,79200
2083,2016-09-21,8.43000,8.50000,8.43000,8.50000,176500
2084,2016-09-20,8.42000,8.44000,8.40000,8.44000,64900
2085,2016-09-19,8.43000,8.49000,8.42000,8.45000,139700
2086,2016-09-16,8.35000,8.43000,8.35000,8.42000,95600
2087,2016-09-15,8.44000,8.49000,8.43000,8.43000,71400
2088,2016-09-14,8.44000,8.47000,8.42000,8.45000,89900
2089,2016-09-13,8.55000,8.55000,8.40000,8.45000,157400
2090,2016-09-12,8.57000,8.59000,8.43000,8.57000,162600
2091,2016-09-09,8.69000,8.70000,8.55000,8.59000,82700
2092,2016-09-08,8.68000,8.71000,8.68000,8.69000,105800
2093,2016-09-07,8.68000,8.70000,8.67000,8.69000,159600
2094,2016-09-06,8.70000,8.71000,8.67000,8.67000,123900
2095,2016-09-02,8.70000,8.73000,8.69000,8.70000,83500
2096,2016-09-01,8.73000,8.74000,8.70000,8.72000,86500
2097,2016-08-31,8.69000,8.74000,8.69000,8.71000,116100
2098,2016-08-30,8.71000,8.73000,8.69000,8.70000,85000
2099,2016-08-29,8.68000,8.75000,8.68000,8.72000,185500
2100,2016-08-26,8.67000,8.71000,8.66000,8.69000,157600
2101,2016-08-25,8.66000,8.69000,8.66000,8.66000,70700
2102,2016-08-24,8.71000,8.71000,8.63000,8.64000,149000
2103,2016-08-23,8.70000,8.73000,8.69000,8.73000,99600
2104,2016-08-22,8.66000,8.70000,8.66000,8.70000,53300
2105,2016-08-19,8.66000,8.68000,8.65000,8.67000,53500
2106,2016-08-18,8.64000,8.68000,8.64000,8.67000,56200
2107,2016-08-17,8.67000,8.68000,8.66000,8.66000,41900
2108,2016-08-16,8.63000,8.66000,8.62000,8.66000,43700
2109,2016-08-15,8.68000,8.70000,8.67000,8.69000,68000
2110,2016-08-12,8.66000,8.70000,8.65000,8.67000,52700
2111,2016-08-11,8.65000,8.67000,8.65000,8.66000,88300
2112,2016-08-10,8.65000,8.70000,8.64000,8.65000,102800
2113,2016-08-09,8.63000,8.68000,8.62000,8.68000,73900
2114,2016-08-08,8.67000,8.70000,8.63000,8.64000,100700
2115,2016-08-05,8.64000,8.67000,8.61000,8.66000,53000
2116,2016-08-04,8.62000,8.62000,8.58000,8.60000,113300
2117,2016-08-03,8.57000,8.61000,8.55000,8.58000,46300
2118,2016-08-02,8.66000,8.67000,8.58000,8.58000,138600
2119,2016-08-01,8.71000,8.71000,8.64000,8.68000,118500
2120,2016-07-29,8.67000,8.71000,8.64000,8.70000,53700
2121,2016-07-28,8.61000,8.68000,8.61000,8.67000,86400
2122,2016-07-27,8.63000,8.65000,8.61000,8.61000,52800
2123,2016-07-26,8.61000,8.65000,8.61000,8.65000,63500
2124,2016-07-25,8.62000,8.63000,8.60000,8.60000,42400
2125,2016-07-22,8.66000,8.66000,8.62000,8.64000,52600
2126,2016-07-21,8.63000,8.65000,8.62000,8.64000,44100
2127,2016-07-20,8.61000,8.69000,8.57000,8.65000,68500
2128,2016-07-19,8.60000,8.60000,8.56000,8.59000,47900
2129,2016-07-18,8.64000,8.65000,8.61000,8.65000,92700
2130,2016-07-15,8.61000,8.65000,8.59000,8.63000,69500
2131,2016-07-14,8.60000,8.61000,8.56000,8.59000,86400
2132,2016-07-13,8.52000,8.60000,8.52000,8.57000,141000
2133,2016-07-12,8.59000,8.66000,8.58000,8.59000,124900
2134,2016-07-11,8.56000,8.61000,8.56000,8.59000,90500
2135,2016-07-08,8.56000,8.60000,8.55000,8.57000,83400
2136,2016-07-07,8.47000,8.55000,8.47000,8.53000,58500
2137,2016-07-06,8.47000,8.50000,8.47000,8.49000,72100
2138,2016-07-05,8.31000,8.49000,8.31000,8.49000,71900
2139,2016-07-01,8.48000,8.54000,8.45000,8.49000,100200
2140,2016-06-30,8.43000,8.53000,8.41000,8.47000,166100
2141,2016-06-29,8.41000,8.45000,8.38000,8.42000,251300
2142,2016-06-28,8.37000,8.42000,8.36000,8.42000,71800
2143,2016-06-27,8.32000,8.37000,8.29000,8.33000,115200
2144,2016-06-24,8.12000,8.41000,8.10000,8.37000,101300
2145,2016-06-23,8.46000,8.47000,8.44000,8.45000,47300
2146,2016-06-22,8.41000,8.44000,8.40000,8.44000,60300
2147,2016-06-21,8.31000,8.40000,8.31000,8.40000,88700
2148,2016-06-20,8.32000,8.39000,8.31000,8.31000,149400
2149,2016-06-17,8.38000,8.47000,8.27000,8.27000,193500
2150,2016-06-16,8.35000,8.40000,8.32000,8.37000,99400
2151,2016-06-15,8.37000,8.41000,8.37000,8.40000,45400
2152,2016-06-14,8.41000,8.41000,8.34000,8.38000,74500
2153,2016-06-13,8.48000,8.50000,8.46000,8.47000,96500
2154,2016-06-10,8.45000,8.49000,8.45000,8.48000,89600
2155,2016-06-09,8.48000,8.52000,8.47000,8.48000,68900
2156,2016-06-08,8.52000,8.54000,8.49000,8.51000,77800
2157,2016-06-07,8.51000,8.57000,8.47000,8.52000,193600
2158,2016-06-06,8.45000,8.52000,8.44000,8.51000,68300
2159,2016-06-03,8.45000,8.48000,8.41000,8.47000,107900
2160,2016-06-02,8.43000,8.45000,8.40000,8.43000,59900
2161,2016-06-01,8.34000,8.47000,8.34000,8.42000,193200
2162,2016-05-31,8.37000,8.38000,8.33000,8.36000,90500
2163,2016-05-27,8.32000,8.35000,8.32000,8.35000,72200
2164,2016-05-26,8.38000,8.38000,8.32000,8.34000,108600
2165,2016-05-25,8.32000,8.39000,8.32000,8.38000,69100
2166,2016-05-24,8.32000,8.35000,8.30000,8.35000,85300
2167,2016-05-23,8.23000,8.33000,8.22000,8.33000,352900
2168,2016-05-20,8.22000,8.24000,8.20000,8.23000,135800
2169,2016-05-19,8.25000,8.27000,8.21000,8.23000,141000
2170,2016-05-18,8.24000,8.30000,8.24000,8.30000,104900
2171,2016-05-17,8.23000,8.27000,8.23000,8.25000,194000
2172,2016-05-16,8.24000,8.33000,8.24000,8.29000,152500
2173,2016-05-13,8.27000,8.27000,8.24000,8.24000,63000
2174,2016-05-12,8.27000,8.28000,8.24000,8.25000,123000
2175,2016-05-11,8.26000,8.27000,8.24000,8.25000,77700
2176,2016-05-10,8.23000,8.28000,8.23000,8.24000,124900
2177,2016-05-09,8.27000,8.27000,8.23000,8.24000,109200
2178,2016-05-06,8.24000,8.27000,8.23000,8.25000,260600
2179,2016-05-05,8.24000,8.29000,8.24000,8.26000,169100
2180,2016-05-04,8.29000,8.29000,8.23000,8.24000,113500
2181,2016-05-03,8.31000,8.31000,8.26000,8.28000,189800
2182,2016-05-02,8.30000,8.33000,8.27000,8.31000,308900
2183,2016-04-29,8.25000,8.30000,8.23000,8.30000,306400
2184,2016-04-28,8.23000,8.26000,8.22000,8.25000,113800
2185,2016-04-27,8.22000,8.24000,8.22000,8.23000,70300
2186,2016-04-26,8.22000,8.25000,8.21000,8.22000,124500
2187,2016-04-25,8.19000,8.26000,8.19000,8.20000,172300
2188,2016-04-22,8.18000,8.23000,8.18000,8.21000,67700
2189,2016-04-21,8.20000,8.22000,8.17000,8.21000,79600
2190,2016-04-20,8.15000,8.21000,8.14000,8.19000,164600
2191,2016-04-19,8.14000,8.15000,8.09000,8.14000,117100
2192,2016-04-18,8.18000,8.20000,8.16000,8.20000,65300
2193,2016-04-15,8.17000,8.19000,8.16000,8.16000,56000
2194,2016-04-14,8.13000,8.19000,8.13000,8.19000,55400
2195,2016-04-13,8.11000,8.16000,8.11000,8.16000,69200
2196,2016-04-12,8.09000,8.13000,8.09000,8.10000,116200
2197,2016-04-11,8.12000,8.13000,8.10000,8.10000,49400
2198,2016-04-08,8.13000,8.13000,8.10000,8.10000,66900
2199,2016-04-07,8.12000,8.15000,8.08000,8.11000,114500
2200,2016-04-06,8.11000,8.17000,8.11000,8.17000,150000
2201,2016-04-05,8.06000,8.16000,8.06000,8.16000,190300
2202,2016-04-04,8.13000,8.15000,8.10000,8.12000,72300
2203,2016-04-01,8.09000,8.14000,8.09000,8.11000,94500
2204,2016-03-31,8.12000,8.14000,8.11000,8.13000,66600
2205,2016-03-30,8.07000,8.10000,8.07000,8.09000,94900
2206,2016-03-29,8.00000,8.09000,8.00000,8.07000,99200
2207,2016-03-28,8.07000,8.09000,8.03000,8.05000,59600
2208,2016-03-24,8.13000,8.13000,8.04000,8.06000,60700
2209,2016-03-23,8.14000,8.20000,8.11000,8.14000,190400
2210,2016-03-22,8.18000,8.19000,8.15000,8.17000,117900
2211,2016-03-21,8.12000,8.18000,8.11000,8.18000,118000
2212,2016-03-18,8.10000,8.16000,8.10000,8.11000,268500
2213,2016-03-17,8.10000,8.13000,8.08000,8.12000,106100
2214,2016-03-16,8.04000,8.12000,8.04000,8.12000,90000
2215,2016-03-15,8.07000,8.07000,8.04000,8.07000,36000
2216,2016-03-14,8.10000,8.14000,8.08000,8.12000,35500
2217,2016-03-11,8.07000,8.11000,8.07000,8.11000,93100
2218,2016-03-11,8.07000,8.11000,8.07000,8.11000,93100
2219,2016-03-10,8.10000,8.10000,8.05000,8.08000,77600
2220,2016-03-10,8.10000,8.10000,8.05000,8.08000,77600
2221,2016-03-09,8.05000,8.08000,8.05000,8.08000,70100
2222,2016-03-09,8.05000,8.08000,8.05000,8.08000,70100
2223,2016-03-08,8.03000,8.06000,8.03000,8.05000,70200
2224,2016-03-08,8.03000,8.06000,8.03000,8.05000,70200
2225,2016-03-07,8.04000,8.08000,8.03000,8.08000,190200
2226,2016-03-07,8.04000,8.08000,8.03000,8.08000,190200
2227,2016-03-04,7.96000,8.05000,7.96000,8.05000,134800
2228,2016-03-04,7.96000,8.05000,7.96000,8.05000,134800
2229,2016-03-03,7.94000,8.00000,7.93000,8.00000,127000
2230,2016-03-03,7.94000,8.00000,7.93000,8.00000,127000
2231,2016-03-02,7.93000,7.95000,7.86000,7.95000,95600
2232,2016-03-02,7.93000,7.95000,7.86000,7.95000,95600
2233,2016-03-01,7.81000,7.94000,7.80000,7.94000,197500
2234,2016-03-01,7.81000,7.94000,7.80000,7.94000,197500
2235,2016-02-29,7.76000,7.84000,7.75000,7.81000,144800
2236,2016-02-29,7.76000,7.84000,7.75000,7.81000,144800
2237,2016-02-26,7.74000,7.75000,7.71000,7.75000,48400
2238,2016-02-26,7.74000,7.75000,7.71000,7.75000,48400
2239,2016-02-25,7.68000,7.71000,7.67000,7.71000,205200
2240,2016-02-25,7.68000,7.71000,7.67000,7.71000,205200
2241,2016-02-24,7.64000,7.72000,7.62000,7.70000,209200
2242,2016-02-24,7.64000,7.72000,7.62000,7.70000,209200
2243,2016-02-23,7.60000,7.68000,7.60000,7.68000,152700
2244,2016-02-23,7.60000,7.68000,7.60000,7.68000,152700
2245,2016-02-22,7.56000,7.63000,7.56000,7.61000,132200
2246,2016-02-22,7.56000,7.63000,7.56000,7.61000,132200
2247,2016-02-19,7.51000,7.57000,7.51000,7.56000,101000
2248,2016-02-19,7.51000,7.57000,7.51000,7.56000,101000
2249,2016-02-18,7.55000,7.57000,7.52000,7.57000,188500
2250,2016-02-18,7.55000,7.57000,7.52000,7.57000,188500
2251,2016-02-17,7.48000,7.52000,7.48000,7.52000,103600
2252,2016-02-17,7.48000,7.52000,7.48000,7.52000,103600
2253,2016-02-16,7.45000,7.49000,7.44000,7.44000,66600
2254,2016-02-16,7.45000,7.49000,7.44000,7.44000,66600
2255,2016-02-12,7.48000,7.50000,7.42000,7.50000,72100
2256,2016-02-12,7.48000,7.50000,7.42000,7.50000,72100
2257,2016-02-11,7.50000,7.50000,7.38000,7.44000,100400
2258,2016-02-11,7.50000,7.50000,7.38000,7.44000,100400
2259,2016-02-10,7.56000,7.60000,7.52000,7.52000,60100
2260,2016-02-10,7.56000,7.60000,7.52000,7.52000,60100
2261,2016-02-09,7.53000,7.58000,7.52000,7.55000,83500
2262,2016-02-09,7.53000,7.58000,7.52000,7.55000,83500
2263,2016-02-08,7.58000,7.65000,7.51000,7.59000,150600
2264,2016-02-08,7.58000,7.65000,7.51000,7.59000,150600
2265,2016-02-05,7.64000,7.68000,7.61000,7.62000,54900
2266,2016-02-05,7.64000,7.68000,7.61000,7.62000,54900
2267,2016-02-04,7.67000,7.70000,7.62000,7.66000,71100
2268,2016-02-04,7.67000,7.70000,7.62000,7.66000,71100
2269,2016-02-03,7.68000,7.72000,7.65000,7.69000,117900
2270,2016-02-03,7.68000,7.72000,7.65000,7.69000,117900
2271,2016-02-02,7.75000,7.75000,7.66000,7.68000,96100
2272,2016-02-02,7.75000,7.75000,7.66000,7.68000,96100
2273,2016-02-01,7.79000,7.81000,7.75000,7.78000,110600
2274,2016-02-01,7.79000,7.81000,7.75000,7.78000,110600
2275,2016-01-29,7.72000,7.82000,7.70000,7.81000,115200
2276,2016-01-29,7.72000,7.82000,7.70000,7.81000,115200
2277,2016-01-28,7.65000,7.73000,7.63000,7.70000,135000
2278,2016-01-28,7.65000,7.73000,7.63000,7.70000,135000
2279,2016-01-27,7.58000,7.68000,7.58000,7.65000,189200
2280,2016-01-27,7.58000,7.68000,7.58000,7.65000,189200
2281,2016-01-26,7.54000,7.62000,7.54000,7.62000,222300
2282,2016-01-26,7.54000,7.62000,7.54000,7.62000,222300
2283,2016-01-25,7.55000,7.56000,7.51000,7.53000,192200
2284,2016-01-25,7.55000,7.56000,7.51000,7.53000,192200
2285,2016-01-22,7.48000,7.57000,7.48000,7.54000,141600
2286,2016-01-22,7.48000,7.57000,7.48000,7.54000,141600
2287,2016-01-21,7.37000,7.47000,7.34000,7.45000,150300
2288,2016-01-21,7.37000,7.47000,7.34000,7.45000,150300
2289,2016-01-20,7.48000,7.48000,7.27000,7.38000,231600
2290,2016-01-20,7.48000,7.48000,7.27000,7.38000,231600
2291,2016-01-19,7.55000,7.55000,7.46000,7.48000,132700
2292,2016-01-19,7.55000,7.55000,7.46000,7.48000,132700
2293,2016-01-15,7.59000,7.63000,7.54000,7.56000,189300
2294,2016-01-15,7.59000,7.63000,7.54000,7.56000,189300
2295,2016-01-14,7.68000,7.75000,7.62000,7.69000,172300
2296,2016-01-14,7.68000,7.75000,7.62000,7.69000,172300
2297,2016-01-13,7.78000,7.80000,7.72000,7.73000,132500
2298,2016-01-13,7.78000,7.80000,7.72000,7.73000,132500
2299,2016-01-12,7.81000,7.81000,7.76000,7.80000,118200
2300,2016-01-12,7.81000,7.81000,7.76000,7.80000,118200
2301,2016-01-11,7.83000,7.83000,7.79000,7.81000,191200
2302,2016-01-11,7.83000,7.83000,7.79000,7.81000,191200
2303,2016-01-08,7.80000,7.85000,7.76000,7.83000,648400
2304,2016-01-08,7.80000,7.85000,7.76000,7.83000,648400
2305,2016-01-07,7.73000,7.81000,7.73000,7.80000,537200
2306,2016-01-07,7.73000,7.81000,7.73000,7.80000,537200
2307,2016-01-06,7.67000,7.82000,7.66000,7.73000,956300
2308,2016-01-06,7.67000,7.82000,7.66000,7.73000,956300
2309,2016-01-05,7.60000,7.70000,7.60000,7.69000,1082100
2310,2016-01-05,7.60000,7.70000,7.60000,7.69000,1082100
2311,2016-01-04,7.59000,7.68000,7.53000,7.58000,963800
2312,2016-01-04,7.59000,7.68000,7.53000,7.58000,963800
2313,2015-12-31,7.63000,7.67000,7.61000,7.62000,876000
2314,2015-12-31,7.63000,7.67000,7.61000,7.62000,876000
2315,2015-12-30,7.65000,7.71000,7.63000,7.63000,512200
2316,2015-12-30,7.65000,7.71000,7.63000,7.63000,512200
2317,2015-12-29,7.65000,7.73000,7.65000,7.68000,325700
2318,2015-12-29,7.65000,7.73000,7.65000,7.68000,325700
2319,2015-12-28,7.62000,7.71000,7.62000,7.65000,403900
2320,2015-12-28,7.62000,7.71000,7.62000,7.65000,403900
2321,2015-12-24,7.80000,7.80000,7.69000,7.72000,413200
2322,2015-12-24,7.80000,7.80000,7.69000,7.72000,413200
2323,2015-12-23,7.73000,7.84000,7.73000,7.77000,377900
2324,2015-12-23,7.73000,7.84000,7.73000,7.77000,377900
2325,2015-12-22,7.75000,7.77000,7.68000,7.73000,479900
2326,2015-12-22,7.75000,7.77000,7.68000,7.73000,479900
2327,2015-12-21,7.79000,7.81000,7.69000,7.75000,273300
2328,2015-12-21,7.79000,7.81000,7.69000,7.75000,273300
2329,2015-12-18,7.76000,7.80000,7.76000,7.78000,133200
2330,2015-12-18,7.76000,7.80000,7.76000,7.78000,133200
2331,2015-12-17,7.68000,7.79000,7.68000,7.75000,244700
2332,2015-12-17,7.68000,7.79000,7.68000,7.75000,244700
2333,2015-12-16,7.59000,7.73000,7.59000,7.71000,233300
2334,2015-12-16,7.59000,7.73000,7.59000,7.71000,233300
2335,2015-12-15,7.44000,7.64000,7.44000,7.58000,146300
2336,2015-12-15,7.44000,7.64000,7.44000,7.58000,146300
2337,2015-12-14,7.60000,7.63000,7.47000,7.52000,249500
2338,2015-12-14,7.60000,7.63000,7.47000,7.52000,249500
2339,2015-12-11,7.81000,7.81000,7.59000,7.64000,248300
2340,2015-12-11,7.81000,7.81000,7.59000,7.64000,248300
2341,2015-12-10,7.88000,7.88000,7.80000,7.82000,86100
2342,2015-12-10,7.88000,7.88000,7.80000,7.82000,86100
2343,2015-12-09,7.90000,7.91000,7.85000,7.87000,46900
2344,2015-12-09,7.90000,7.91000,7.85000,7.87000,46900
2345,2015-12-08,7.86000,7.90000,7.84000,7.86000,94200
2346,2015-12-08,7.86000,7.90000,7.84000,7.86000,94200
2347,2015-12-07,7.90000,7.93000,7.84000,7.86000,70200
2348,2015-12-07,7.90000,7.93000,7.84000,7.86000,70200
2349,2015-12-04,7.90000,7.95000,7.90000,7.93000,41900
2350,2015-12-04,7.90000,7.95000,7.90000,7.93000,41900
2351,2015-12-03,7.99000,8.01000,7.88000,7.92000,234500
2352,2015-12-03,7.99000,8.01000,7.88000,7.92000,234500
2353,2015-12-02,8.04000,8.05000,7.98000,7.98000,68400
2354,2015-12-02,8.04000,8.05000,7.98000,7.98000,68400
2355,2015-12-01,7.94000,8.08000,7.93000,8.02000,166500
2356,2015-12-01,7.94000,8.08000,7.93000,8.02000,166500
2357,2015-11-30,8.03000,8.05000,7.92000,7.92000,205200
2358,2015-11-30,8.03000,8.05000,7.92000,7.92000,205200
2359,2015-11-27,8.02000,8.03000,7.99000,8.00000,157100
2360,2015-11-27,8.02000,8.03000,7.99000,8.00000,157100
2361,2015-11-25,7.98000,8.03000,7.98000,8.01000,159100
2362,2015-11-25,7.98000,8.03000,7.98000,8.01000,159100
2363,2015-11-24,8.01000,8.02000,7.99000,7.99000,54200
2364,2015-11-24,8.01000,8.02000,7.99000,7.99000,54200
2365,2015-11-23,8.03000,8.05000,8.00000,8.02000,72400
2366,2015-11-23,8.03000,8.05000,8.00000,8.02000,72400
2367,2015-11-20,8.01000,8.06000,8.01000,8.05000,120200
2368,2015-11-20,8.01000,8.06000,8.01000,8.05000,120200
2369,2015-11-19,7.99000,8.04000,7.99000,8.03000,88300
2370,2015-11-19,7.99000,8.04000,7.99000,8.03000,88300
2371,2015-11-18,8.01000,8.05000,7.99000,8.01000,197800
2372,2015-11-18,8.01000,8.05000,7.99000,8.01000,197800
2373,2015-11-17,8.05000,8.05000,8.00000,8.02000,42400
2374,2015-11-17,8.05000,8.05000,8.00000,8.02000,42400
2375,2015-11-16,8.08000,8.12000,8.08000,8.10000,71500
2376,2015-11-16,8.08000,8.12000,8.08000,8.10000,71500
2377,2015-11-13,8.07000,8.12000,8.04000,8.12000,113600
2378,2015-11-13,8.07000,8.12000,8.04000,8.12000,113600
2379,2015-11-12,8.14000,8.14000,8.09000,8.09000,64700
2380,2015-11-12,8.14000,8.14000,8.09000,8.09000,64700
2381,2015-11-11,8.16000,8.17000,8.13000,8.13000,51600
2382,2015-11-11,8.16000,8.17000,8.13000,8.13000,51600
2383,2015-11-10,8.16000,8.18000,8.12000,8.14000,69900
2384,2015-11-10,8.16000,8.18000,8.12000,8.14000,69900
2385,2015-11-09,8.25000,8.25000,8.14000,8.16000,96100
2386,2015-11-09,8.25000,8.25000,8.14000,8.16000,96100
2387,2015-11-06,8.28000,8.29000,8.20000,8.25000,94600
2388,2015-11-06,8.28000,8.29000,8.20000,8.25000,94600
2389,2015-11-05,8.28000,8.30000,8.27000,8.29000,309100
2390,2015-11-05,8.28000,8.30000,8.27000,8.29000,309100
2391,2015-11-04,8.22000,8.30000,8.22000,8.28000,152700
2392,2015-11-04,8.22000,8.30000,8.22000,8.28000,152700
2393,2015-11-03,8.25000,8.26000,8.21000,8.25000,267700
2394,2015-11-03,8.25000,8.26000,8.21000,8.25000,267700
2395,2015-11-02,8.27000,8.27000,8.25000,8.27000,206600
2396,2015-11-02,8.27000,8.27000,8.25000,8.27000,206600
2397,2015-10-30,8.24000,8.30000,8.20000,8.26000,345300
2398,2015-10-29,8.22000,8.25000,8.21000,8.21000,146900
2399,2015-10-28,8.24000,8.27000,8.20000,8.22000,201400
2400,2015-10-27,8.18000,8.26000,8.16000,8.23000,346100
2401,2015-10-26,8.21000,8.21000,8.16000,8.16000,91200
2402,2015-10-23,8.20000,8.21000,8.16000,8.20000,147400
2403,2015-10-22,8.11000,8.21000,8.11000,8.18000,117200
2404,2015-10-21,8.14000,8.18000,8.13000,8.13000,90400
2405,2015-10-20,8.14000,8.16000,8.13000,8.14000,68800
2406,2015-10-19,8.10000,8.19000,8.07000,8.13000,123800
2407,2015-10-16,8.03000,8.12000,8.03000,8.09000,103200
2408,2015-10-15,8.02000,8.07000,7.97000,8.03000,176400
2409,2015-10-14,8.04000,8.06000,8.02000,8.03000,113700
2410,2015-10-13,8.04000,8.11000,8.02000,8.04000,150300
2411,2015-10-12,8.13000,8.25000,8.10000,8.14000,101100
2412,2015-10-09,8.03000,8.35000,8.03000,8.18000,153200
2413,2015-10-08,7.89000,8.03000,7.88000,8.03000,145900
2414,2015-10-07,7.86000,7.95000,7.82000,7.95000,88100
2415,2015-10-06,7.76000,7.86000,7.76000,7.86000,144700
2416,2015-10-05,7.76000,7.84000,7.72000,7.77000,380700
2417,2015-10-02,7.71000,7.75000,7.64000,7.74000,137700
2418,2015-10-01,7.70000,7.80000,7.68000,7.75000,331400
2419,2015-09-30,7.85000,7.89000,7.74000,7.75000,247500
2420,2015-09-29,7.89000,7.92000,7.77000,7.82000,151100
2421,2015-09-28,8.05000,8.05000,7.91000,7.91000,93600
2422,2015-09-25,8.07000,8.13000,8.04000,8.05000,92100
2423,2015-09-24,8.04000,8.10000,7.98000,8.05000,260500
2424,2015-09-23,8.08000,8.11000,8.06000,8.06000,74100
2425,2015-09-22,8.02000,8.10000,8.01000,8.09000,125000
2426,2015-09-21,8.06000,8.09000,8.05000,8.05000,60800
2427,2015-09-18,8.03000,8.06000,8.01000,8.03000,46200
2428,2015-09-17,7.95000,8.10000,7.94000,8.10000,110100
2429,2015-09-16,7.97000,8.00000,7.94000,7.96000,88000
2430,2015-09-15,7.98000,8.00000,7.93000,7.95000,216400
2431,2015-09-14,8.10000,8.10000,8.03000,8.04000,191300
2432,2015-09-11,8.08000,8.09000,8.06000,8.09000,73600
2433,2015-09-10,8.06000,8.10000,8.04000,8.05000,65800
2434,2015-09-09,8.08000,8.09000,8.02000,8.04000,86500
2435,2015-09-08,8.15000,8.17000,8.07000,8.07000,240100
2436,2015-09-04,8.18000,8.22000,8.13000,8.13000,88600
2437,2015-09-03,8.22000,8.24000,8.22000,8.24000,73600
2438,2015-09-02,8.16000,8.21000,8.15000,8.21000,60100
2439,2015-09-01,8.07000,8.20000,8.07000,8.19000,94200
2440,2015-08-31,8.18000,8.19000,8.06000,8.10000,185400
2441,2015-08-28,8.09000,8.19000,8.09000,8.18000,102200
2442,2015-08-27,8.07000,8.13000,8.07000,8.13000,109400
2443,2015-08-26,8.08000,8.10000,8.04000,8.07000,150700
2444,2015-08-25,8.00000,8.10000,7.96000,8.08000,148600
2445,2015-08-24,7.78000,7.96000,7.78000,7.94000,526600
2446,2015-08-21,8.17000,8.18000,8.04000,8.07000,134400
2447,2015-08-20,8.19000,8.23000,8.15000,8.15000,80200
2448,2015-08-19,8.21000,8.23000,8.19000,8.23000,52900
2449,2015-08-18,8.19000,8.23000,8.19000,8.21000,67300
2450,2015-08-17,8.40000,8.40000,8.25000,8.28000,98700
2451,2015-08-14,8.37000,8.40000,8.35000,8.39000,20100
2452,2015-08-13,8.36000,8.39000,8.35000,8.37000,55800
2453,2015-08-12,8.31000,8.51000,8.29000,8.39000,85300
2454,2015-08-11,8.29000,8.33000,8.29000,8.33000,67800
2455,2015-08-10,8.43000,8.44000,8.30000,8.30000,88700
2456,2015-08-07,8.41000,8.47000,8.37000,8.41000,126600
2457,2015-08-06,8.38000,8.43000,8.35000,8.42000,103700
2458,2015-08-05,8.36000,8.43000,8.36000,8.41000,96100
2459,2015-08-04,8.31000,8.38000,8.31000,8.38000,92400
2460,2015-08-03,8.42000,8.51000,8.39000,8.39000,128600
2461,2015-07-31,8.44000,8.47000,8.41000,8.42000,127400
2462,2015-07-30,8.34000,8.41000,8.32000,8.41000,99400
2463,2015-07-29,8.28000,8.37000,8.27000,8.36000,79400
2464,2015-07-28,8.20000,8.27000,8.15000,8.25000,161400
2465,2015-07-27,8.27000,8.29000,8.15000,8.16000,188000
2466,2015-07-24,8.39000,8.43000,8.27000,8.28000,104900
2467,2015-07-23,8.49000,8.49000,8.38000,8.41000,90700
2468,2015-07-22,8.53000,8.53000,8.45000,8.47000,101900
2469,2015-07-21,8.55000,8.55000,8.48000,8.54000,80400
2470,2015-07-20,8.58000,8.58000,8.53000,8.53000,40900
2471,2015-07-17,8.55000,8.59000,8.55000,8.59000,64000
2472,2015-07-16,8.62000,8.62000,8.53000,8.58000,207400
2473,2015-07-15,8.57000,8.64000,8.56000,8.61000,157400
2474,2015-07-14,8.54000,8.58000,8.53000,8.56000,195500
2475,2015-07-13,8.60000,8.63000,8.55000,8.63000,112800
2476,2015-07-10,8.62000,8.63000,8.55000,8.63000,136000
2477,2015-07-09,8.58000,8.61000,8.58000,8.61000,91800
2478,2015-07-08,8.55000,8.58000,8.54000,8.58000,72300
2479,2015-07-07,8.54000,8.62000,8.54000,8.62000,124600
2480,2015-07-06,8.52000,8.56000,8.51000,8.56000,90900
2481,2015-07-02,8.53000,8.59000,8.53000,8.56000,34300
2482,2015-07-01,8.47000,8.58000,8.47000,8.53000,137300
2483,2015-06-30,8.51000,8.58000,8.43000,8.47000,239100
2484,2015-06-29,8.63000,8.63000,8.39000,8.40000,121200
2485,2015-06-26,8.69000,8.69000,8.61000,8.67000,79100
2486,2015-06-25,8.70000,8.71000,8.68000,8.68000,92100
2487,2015-06-24,8.62000,8.70000,8.60000,8.69000,108200
2488,2015-06-23,8.65000,8.66000,8.62000,8.63000,116600
2489,2015-06-22,8.67000,8.69000,8.65000,8.68000,81200
2490,2015-06-19,8.63000,8.68000,8.63000,8.66000,64200
2491,2015-06-18,8.63000,8.66000,8.61000,8.65000,121900
2492,2015-06-17,8.69000,8.69000,8.63000,8.67000,126700
2493,2015-06-16,8.68000,8.71000,8.66000,8.70000,93500
2494,2015-06-15,8.69000,8.77000,8.69000,8.77000,107400
2495,2015-06-12,8.73000,8.78000,8.67000,8.74000,106900
2496,2015-06-11,8.81000,8.81000,8.77000,8.78000,130000
2497,2015-06-10,8.76000,8.81000,8.74000,8.81000,176900
2498,2015-06-09,8.83000,8.84000,8.74000,8.80000,193800
2499,2015-06-08,8.86000,8.87000,8.81000,8.85000,144900
2500,2015-06-05,8.89000,8.89000,8.85000,8.86000,77300
2501,2015-06-04,8.88000,8.89000,8.83000,8.89000,139900
2502,2015-06-03,8.95000,8.95000,8.89000,8.91000,64400
2503,2015-06-02,8.95000,8.98000,8.93000,8.98000,71700
2504,2015-06-01,8.92000,8.97000,8.89000,8.97000,92100
2505,2015-05-29,8.92000,8.92000,8.88000,8.90000,141700
2506,2015-05-28,8.91000,8.92000,8.89000,8.90000,59600
2507,2015-05-27,8.91000,8.92000,8.88000,8.92000,85600
2508,2015-05-26,8.88000,8.91000,8.87000,8.91000,92700
2509,2015-05-22,8.98000,8.98000,8.87000,8.92000,122100
2510,2015-05-21,8.87000,8.89000,8.85000,8.89000,60000
2511,2015-05-20,8.85000,8.89000,8.83000,8.89000,86600
2512,2015-05-19,8.84000,8.88000,8.82000,8.84000,136100
2513,2015-05-18,8.82000,8.84000,8.81000,8.84000,56600
2514,2015-05-15,8.82000,8.84000,8.81000,8.84000,87400
2515,2015-05-14,8.82000,8.84000,8.80000,8.82000,76400
2516,2015-05-13,8.83000,8.84000,8.76000,8.82000,107700
2517,2015-05-12,8.81000,8.83000,8.79000,8.83000,103200
2518,2015-05-11,8.90000,8.91000,8.87000,8.87000,73200
2519,2015-05-08,8.87000,8.92000,8.86000,8.92000,163100
2520,2015-05-07,8.86000,8.87000,8.83000,8.85000,63400
2521,2015-05-06,8.92000,8.92000,8.86000,8.89000,68500
2522,2015-05-05,8.88000,8.95000,8.86000,8.95000,110700
2523,2015-05-04,8.95000,8.98000,8.89000,8.90000,95700
2524,2015-05-01,8.96000,8.98000,8.90000,8.97000,170400
2525,2015-04-30,8.99000,8.99000,8.93000,8.96000,178500
2526,2015-04-29,8.98000,8.99000,8.94000,8.97000,79300
2527,2015-04-28,9.06000,9.06000,8.97000,9.00000,125500
2528,2015-04-27,9.06000,9.07000,9.03000,9.05000,75100
2529,2015-04-24,9.03000,9.10000,9.02000,9.10000,131100
2530,2015-04-23,9.04000,9.05000,9.03000,9.04000,81200
2531,2015-04-22,9.00000,9.04000,9.00000,9.04000,93700
2532,2015-04-21,8.98000,9.01000,8.98000,9.00000,80000
2533,2015-04-20,8.98000,9.01000,8.96000,8.98000,149000
2534,2015-04-17,8.96000,8.99000,8.95000,8.98000,167100
2535,2015-04-16,8.94000,8.97000,8.94000,8.96000,96700
2536,2015-04-15,8.88000,8.94000,8.87000,8.94000,119700
2537,2015-04-14,8.87000,8.90000,8.87000,8.88000,110600
2538,2015-04-13,8.86000,8.92000,8.86000,8.91000,150100
2539,2015-04-10,8.86000,8.89000,8.83000,8.88000,73400
2540,2015-04-09,8.83000,8.86000,8.83000,8.86000,62000
2541,2015-04-08,8.82000,8.86000,8.81000,8.83000,63500
2542,2015-04-07,8.79000,8.85000,8.79000,8.85000,48800
2543,2015-04-06,8.78000,8.82000,8.78000,8.79000,54900
2544,2015-04-02,8.79000,8.89000,8.78000,8.80000,554500
2545,2015-04-01,8.80000,8.83000,8.79000,8.80000,146400
2546,2015-03-31,8.85000,8.87000,8.80000,8.80000,204800
2547,2015-03-30,8.88000,8.91000,8.87000,8.88000,47100
2548,2015-03-27,8.84000,8.91000,8.83000,8.88000,125100
2549,2015-03-26,8.82000,8.87000,8.81000,8.87000,161700
2550,2015-03-25,8.81000,8.86000,8.81000,8.86000,177200
2551,2015-03-24,8.83000,8.85000,8.80000,8.80000,242700
2552,2015-03-23,8.82000,8.82000,8.79000,8.81000,106100
2553,2015-03-20,8.74000,8.84000,8.74000,8.84000,101600
2554,2015-03-19,8.77000,8.78000,8.64000,8.75000,161400
2555,2015-03-18,8.78000,8.80000,8.75000,8.79000,65300
2556,2015-03-17,8.76000,8.80000,8.76000,8.80000,64800
2557,2015-03-16,8.85000,8.86000,8.79000,8.83000,107600
2558,2015-03-13,8.84000,8.88000,8.81000,8.88000,99000
2559,2015-03-12,8.84000,8.85000,8.81000,8.83000,103500
2560,2015-03-11,8.88000,8.88000,8.81000,8.83000,114300
2561,2015-03-10,8.91000,8.95000,8.83000,8.87000,69700
2562,2015-03-09,8.95000,8.99000,8.90000,8.97000,161400
2563,2015-03-06,8.91000,8.97000,8.87000,8.97000,97100
2564,2015-03-06,8.91000,8.97000,8.87000,8.97000,97100
2565,2015-03-05,8.93000,8.94000,8.89000,8.94000,106100
2566,2015-03-05,8.93000,8.94000,8.89000,8.94000,106100
2567,2015-03-04,8.92000,8.95000,8.89000,8.95000,137600
2568,2015-03-04,8.92000,8.95000,8.89000,8.95000,137600
2569,2015-03-03,8.96000,8.98000,8.89000,8.95000,232700
2570,2015-03-03,8.96000,8.98000,8.89000,8.95000,232700
2571,2015-03-02,8.98000,9.00000,8.95000,9.00000,104100
2572,2015-03-02,8.98000,9.00000,8.95000,9.00000,104100
2573,2015-02-27,8.91000,8.97000,8.87000,8.97000,161800
2574,2015-02-27,8.91000,8.97000,8.87000,8.97000,161800
2575,2015-02-26,8.86000,8.92000,8.86000,8.90000,100800
2576,2015-02-26,8.86000,8.92000,8.86000,8.90000,100800
2577,2015-02-25,8.89000,8.90000,8.83000,8.87000,94700
2578,2015-02-25,8.89000,8.90000,8.83000,8.87000,94700
2579,2015-02-24,8.81000,8.89000,8.81000,8.89000,90700
2580,2015-02-24,8.81000,8.89000,8.81000,8.89000,90700
2581,2015-02-23,8.82000,8.85000,8.80000,8.81000,132900
2582,2015-02-23,8.82000,8.85000,8.80000,8.81000,132900
2583,2015-02-20,8.77000,8.87000,8.77000,8.87000,160800
2584,2015-02-20,8.77000,8.87000,8.77000,8.87000,160800
2585,2015-02-19,8.77000,8.82000,8.77000,8.78000,110500
2586,2015-02-19,8.77000,8.82000,8.77000,8.78000,110500
2587,2015-02-18,8.82000,8.84000,8.76000,8.78000,212300
2588,2015-02-18,8.82000,8.84000,8.76000,8.78000,212300
2589,2015-02-17,8.82000,8.85000,8.79000,8.84000,173900
2590,2015-02-17,8.82000,8.85000,8.79000,8.84000,173900
2591,2015-02-13,8.83000,8.91000,8.82000,8.91000,355600
2592,2015-02-13,8.83000,8.91000,8.82000,8.91000,355600
2593,2015-02-12,8.76000,8.77000,8.72000,8.74000,96900
2594,2015-02-12,8.76000,8.77000,8.72000,8.74000,96900
2595,2015-02-11,8.72000,8.75000,8.70000,8.74000,94600
2596,2015-02-11,8.72000,8.75000,8.70000,8.74000,94600
2597,2015-02-10,8.70000,8.74000,8.69000,8.74000,128700
2598,2015-02-10,8.70000,8.74000,8.69000,8.74000,128700
2599,2015-02-09,8.68000,8.75000,8.68000,8.72000,129900
2600,2015-02-09,8.68000,8.75000,8.68000,8.72000,129900
2601,2015-02-06,8.74000,8.76000,8.70000,8.70000,114600
2602,2015-02-06,8.74000,8.76000,8.70000,8.70000,114600
2603,2015-02-05,8.72000,8.76000,8.71000,8.74000,199800
2604,2015-02-05,8.72000,8.76000,8.71000,8.74000,199800
2605,2015-02-04,8.78000,8.80000,8.72000,8.72000,228000
2606,2015-02-04,8.78000,8.80000,8.72000,8.72000,228000
2607,2015-02-03,8.77000,8.81000,8.77000,8.80000,112800
2608,2015-02-03,8.77000,8.81000,8.77000,8.80000,112800
2609,2015-02-02,8.77000,8.79000,8.75000,8.78000,143300
2610,2015-02-02,8.77000,8.79000,8.75000,8.78000,143300
2611,2015-01-30,8.76000,8.82000,8.75000,8.77000,180900
2612,2015-01-30,8.76000,8.82000,8.75000,8.77000,180900
2613,2015-01-29,8.74000,8.81000,8.74000,8.81000,138200
2614,2015-01-29,8.74000,8.81000,8.74000,8.81000,138200
2615,2015-01-28,8.76000,8.80000,8.73000,8.73000,118000
2616,2015-01-28,8.76000,8.80000,8.73000,8.73000,118000
2617,2015-01-27,8.75000,8.78000,8.74000,8.77000,105100
2618,2015-01-27,8.75000,8.78000,8.74000,8.77000,105100
2619,2015-01-26,8.73000,8.79000,8.73000,8.79000,168700
2620,2015-01-26,8.73000,8.79000,8.73000,8.79000,168700
2621,2015-01-23,8.74000,8.78000,8.73000,8.73000,138000
2622,2015-01-23,8.74000,8.78000,8.73000,8.73000,138000
2623,2015-01-22,8.72000,8.77000,8.70000,8.72000,106400
2624,2015-01-22,8.72000,8.77000,8.70000,8.72000,106400
2625,2015-01-21,8.64000,8.74000,8.64000,8.68000,148200
2626,2015-01-21,8.64000,8.74000,8.64000,8.68000,148200
2627,2015-01-20,8.65000,8.71000,8.64000,8.67000,182200
2628,2015-01-20,8.65000,8.71000,8.64000,8.67000,182200
2629,2015-01-16,8.59000,8.68000,8.59000,8.67000,98700
2630,2015-01-16,8.59000,8.68000,8.59000,8.67000,98700
2631,2015-01-15,8.74000,8.74000,8.59000,8.60000,341800
2632,2015-01-15,8.74000,8.74000,8.59000,8.60000,341800
2633,2015-01-14,8.74000,8.78000,8.71000,8.73000,247800
2634,2015-01-14,8.74000,8.78000,8.71000,8.73000,247800
2635,2015-01-13,8.78000,8.86000,8.76000,8.86000,117100
2636,2015-01-13,8.78000,8.86000,8.76000,8.86000,117100
2637,2015-01-12,8.83000,8.87000,8.82000,8.83000,147200
2638,2015-01-12,8.83000,8.87000,8.82000,8.83000,147200
2639,2015-01-09,8.81000,8.83000,8.77000,8.83000,126200
2640,2015-01-09,8.81000,8.83000,8.77000,8.83000,126200
2641,2015-01-08,8.82000,8.83000,8.79000,8.81000,105700
2642,2015-01-08,8.82000,8.83000,8.79000,8.81000,105700
2643,2015-01-07,8.78000,8.84000,8.72000,8.84000,90200
2644,2015-01-07,8.78000,8.84000,8.72000,8.84000,90200
2645,2015-01-06,8.79000,8.80000,8.71000,8.80000,209400
2646,2015-01-06,8.79000,8.80000,8.71000,8.80000,209400
2647,2015-01-05,9.06000,9.06000,8.80000,8.81000,258100
2648,2015-01-05,9.06000,9.06000,8.80000,8.81000,258100
2649,2015-01-02,9.07000,9.08000,8.95000,9.08000,443500
2650,2015-01-02,9.07000,9.08000,8.95000,9.08000,443500
2651,2014-12-31,9.16000,9.19000,8.92000,9.19000,1793800
2652,2014-12-31,9.16000,9.19000,8.92000,9.19000,1793800
2653,2014-12-30,8.80000,8.95000,8.78000,8.93000,693900
2654,2014-12-30,8.80000,8.95000,8.78000,8.93000,693900
2655,2014-12-29,8.67000,8.86000,8.67000,8.85000,556500
2656,2014-12-29,8.67000,8.86000,8.67000,8.85000,556500
2657,2014-12-26,8.60000,8.68000,8.60000,8.67000,167800
2658,2014-12-26,8.60000,8.68000,8.60000,8.67000,167800
2659,2014-12-24,8.55000,8.61000,8.55000,8.60000,58800
2660,2014-12-24,8.55000,8.61000,8.55000,8.60000,58800
2661,2014-12-23,8.56000,8.59000,8.54000,8.59000,171700
2662,2014-12-23,8.56000,8.59000,8.54000,8.59000,171700
2663,2014-12-22,8.52000,8.53000,8.51000,8.53000,147100
2664,2014-12-22,8.52000,8.53000,8.51000,8.53000,147100
2665,2014-12-19,8.38000,8.53000,8.38000,8.52000,224100
2666,2014-12-19,8.38000,8.53000,8.38000,8.52000,224100
2667,2014-12-18,8.50000,8.57000,8.37000,8.37000,293100
2668,2014-12-18,8.50000,8.57000,8.37000,8.37000,293100
2669,2014-12-17,8.30000,8.47000,8.30000,8.47000,297200
2670,2014-12-17,8.30000,8.47000,8.30000,8.47000,297200
2671,2014-12-16,8.38000,8.39000,8.29000,8.38000,420800
2672,2014-12-16,8.38000,8.39000,8.29000,8.38000,420800
2673,2014-12-15,8.61000,8.61000,8.54000,8.55000,192200
2674,2014-12-15,8.61000,8.61000,8.54000,8.55000,192200
2675,2014-12-12,8.64000,8.66000,8.57000,8.58000,124000
2676,2014-12-12,8.64000,8.66000,8.57000,8.58000,124000
2677,2014-12-11,8.67000,8.68000,8.65000,8.67000,143500
2678,2014-12-11,8.67000,8.68000,8.65000,8.67000,143500
2679,2014-12-10,8.71000,8.71000,8.65000,8.67000,206600
2680,2014-12-10,8.71000,8.71000,8.65000,8.67000,206600
2681,2014-12-09,8.70000,8.71000,8.68000,8.71000,214300
2682,2014-12-09,8.70000,8.71000,8.68000,8.71000,214300
2683,2014-12-08,8.74000,8.75000,8.72000,8.73000,184000
2684,2014-12-08,8.74000,8.75000,8.72000,8.73000,184000
2685,2014-12-05,8.78000,8.80000,8.70000,8.73000,354500
2686,2014-12-05,8.78000,8.80000,8.70000,8.73000,354500
2687,2014-12-04,8.82000,8.84000,8.78000,8.79000,136300
2688,2014-12-04,8.82000,8.84000,8.78000,8.79000,136300
2689,2014-12-03,8.82000,8.84000,8.81000,8.84000,96300
2690,2014-12-03,8.82000,8.84000,8.81000,8.84000,96300
2691,2014-12-02,8.81000,8.85000,8.81000,8.85000,196200
2692,2014-12-02,8.81000,8.85000,8.81000,8.85000,196200
2693,2014-12-01,8.77000,8.85000,8.76000,8.85000,162300
2694,2014-12-01,8.77000,8.85000,8.76000,8.85000,162300
2695,2014-11-28,8.81000,8.81000,8.76000,8.81000,80500
2696,2014-11-28,8.81000,8.81000,8.76000,8.81000,80500
2697,2014-11-26,8.80000,8.83000,8.79000,8.82000,103600
2698,2014-11-26,8.80000,8.83000,8.79000,8.82000,103600
2699,2014-11-25,8.85000,8.87000,8.78000,8.80000,125200
2700,2014-11-25,8.85000,8.87000,8.78000,8.80000,125200
2701,2014-11-24,8.85000,8.90000,8.83000,8.87000,83700
2702,2014-11-24,8.85000,8.90000,8.83000,8.87000,83700
2703,2014-11-21,8.81000,8.85000,8.81000,8.83000,96900
2704,2014-11-21,8.81000,8.85000,8.81000,8.83000,96900
2705,2014-11-20,8.79000,8.82000,8.79000,8.80000,89200
2706,2014-11-20,8.79000,8.82000,8.79000,8.80000,89200
2707,2014-11-19,8.82000,8.85000,8.78000,8.81000,89200
2708,2014-11-19,8.82000,8.85000,8.78000,8.81000,89200
2709,2014-11-18,8.85000,8.85000,8.82000,8.82000,60900
2710,2014-11-18,8.85000,8.85000,8.82000,8.82000,60900
2711,2014-11-17,8.88000,8.89000,8.86000,8.88000,70200
2712,2014-11-17,8.88000,8.89000,8.86000,8.88000,70200
2713,2014-11-14,8.92000,8.92000,8.86000,8.86000,122700
2714,2014-11-14,8.92000,8.92000,8.86000,8.86000,122700
2715,2014-11-13,8.91000,8.91000,8.89000,8.89000,95800
2716,2014-11-13,8.91000,8.91000,8.89000,8.89000,95800
2717,2014-11-12,8.87000,8.91000,8.87000,8.90000,80200
2718,2014-11-12,8.87000,8.91000,8.87000,8.90000,80200
2719,2014-11-11,8.88000,8.92000,8.88000,8.89000,127600
2720,2014-11-11,8.88000,8.92000,8.88000,8.89000,127600
2721,2014-11-10,8.92000,8.93000,8.89000,8.90000,54000
2722,2014-11-10,8.92000,8.93000,8.89000,8.90000,54000
2723,2014-11-07,8.92000,8.93000,8.90000,8.92000,57700
2724,2014-11-07,8.92000,8.93000,8.90000,8.92000,57700
2725,2014-11-06,8.95000,8.96000,8.90000,8.91000,84500
2726,2014-11-06,8.95000,8.96000,8.90000,8.91000,84500
2727,2014-11-05,8.96000,8.99000,8.95000,8.95000,75100
2728,2014-11-05,8.96000,8.99000,8.95000,8.95000,75100
2729,2014-11-04,8.98000,9.00000,8.93000,8.95000,67000
2730,2014-11-04,8.98000,9.00000,8.93000,8.95000,67000
2731,2014-11-03,8.98000,9.02000,8.97000,9.02000,112300
2732,2014-11-03,8.98000,9.02000,8.97000,9.02000,112300
2733,2014-10-31,8.95000,9.00000,8.95000,8.96000,67900
2734,2014-10-30,8.91000,8.97000,8.90000,8.91000,80800
2735,2014-10-29,8.94000,8.97000,8.90000,8.91000,87300
2736,2014-10-28,8.99000,9.01000,8.93000,8.95000,79400
2737,2014-10-27,8.96000,8.97000,8.94000,8.95000,47800
2738,2014-10-24,8.91000,8.99000,8.91000,8.97000,80100
2739,2014-10-23,8.92000,8.95000,8.91000,8.93000,46000
2740,2014-10-22,8.86000,8.92000,8.86000,8.90000,76200
2741,2014-10-21,8.83000,8.91000,8.83000,8.90000,69300
2742,2014-10-20,8.77000,8.85000,8.77000,8.83000,109300
2743,2014-10-17,8.74000,8.81000,8.70000,8.77000,162200
2744,2014-10-16,8.56000,8.72000,8.56000,8.69000,119900
2745,2014-10-15,8.72000,8.72000,8.63000,8.65000,205200
2746,2014-10-14,8.70000,8.76000,8.70000,8.72000,125600
2747,2014-10-13,8.83000,8.84000,8.75000,8.76000,70700
2748,2014-10-10,8.85000,8.85000,8.82000,8.82000,53600
2749,2014-10-09,8.89000,8.89000,8.82000,8.86000,111600
2750,2014-10-08,8.84000,8.90000,8.84000,8.89000,80600
2751,2014-10-07,8.85000,8.87000,8.85000,8.86000,58200
2752,2014-10-06,8.84000,8.89000,8.84000,8.89000,66700
2753,2014-10-03,8.82000,8.89000,8.81000,8.84000,118400
2754,2014-10-02,8.80000,8.82000,8.80000,8.82000,84100
2755,2014-10-01,8.82000,8.85000,8.80000,8.82000,174300
2756,2014-09-30,8.82000,8.86000,8.81000,8.86000,105900
2757,2014-09-29,8.76000,8.85000,8.75000,8.82000,146800
2758,2014-09-26,8.83000,8.85000,8.82000,8.83000,83100
2759,2014-09-25,8.90000,8.91000,8.85000,8.89000,167400
2760,2014-09-24,8.89000,8.92000,8.89000,8.90000,145000
2761,2014-09-23,8.88000,8.91000,8.88000,8.91000,151500
2762,2014-09-22,8.89000,8.90000,8.86000,8.88000,162200
2763,2014-09-19,8.87000,8.90000,8.87000,8.88000,82900
2764,2014-09-18,8.87000,8.91000,8.84000,8.88000,184100
2765,2014-09-17,8.89000,8.91000,8.87000,8.88000,86900
2766,2014-09-16,8.90000,8.98000,8.88000,8.90000,145100
2767,2014-09-15,8.98000,8.98000,8.92000,8.94000,82100
2768,2014-09-12,9.00000,9.00000,8.97000,8.99000,100700
2769,2014-09-11,9.02000,9.03000,8.99000,9.02000,135900
2770,2014-09-10,9.07000,9.07000,9.01000,9.02000,98100
2771,2014-09-09,9.04000,9.07000,9.04000,9.06000,119400
2772,2014-09-08,9.08000,9.13000,9.03000,9.06000,179700
2773,2014-09-05,9.11000,9.11000,9.07000,9.10000,159700
2774,2014-09-04,9.11000,9.15000,9.11000,9.13000,149500
2775,2014-09-03,9.13000,9.14000,9.07000,9.13000,96100
2776,2014-09-02,9.10000,9.15000,9.10000,9.15000,81400
2777,2014-08-29,9.11000,9.15000,9.11000,9.12000,120600
2778,2014-08-28,9.10000,9.13000,9.10000,9.12000,74000
2779,2014-08-27,9.10000,9.15000,9.08000,9.13000,81900
2780,2014-08-26,9.11000,9.13000,9.08000,9.13000,88600
2781,2014-08-25,9.11000,9.14000,9.10000,9.13000,96100
2782,2014-08-22,9.10000,9.11000,9.08000,9.11000,63500
2783,2014-08-21,9.12000,9.13000,9.08000,9.13000,118400
2784,2014-08-20,9.10000,9.12000,9.08000,9.10000,116900
2785,2014-08-19,9.04000,9.11000,9.04000,9.10000,53000
2786,2014-08-18,9.07000,9.07000,9.03000,9.05000,125100
2787,2014-08-15,9.02000,9.08000,9.01000,9.07000,86100
2788,2014-08-14,8.99000,9.03000,8.99000,9.01000,105200
2789,2014-08-13,8.99000,9.01000,8.98000,9.01000,122100
2790,2014-08-12,9.02000,9.03000,8.98000,8.99000,141500
2791,2014-08-11,9.02000,9.05000,9.01000,9.05000,119000
2792,2014-08-08,8.99000,9.03000,8.99000,9.03000,78400
2793,2014-08-07,8.98000,9.02000,8.98000,8.99000,102000
2794,2014-08-06,8.93000,9.00000,8.91000,8.99000,67300
2795,2014-08-05,8.99000,9.00000,8.95000,8.96000,86100
2796,2014-08-04,9.04000,9.07000,8.98000,9.02000,225100
2797,2014-08-01,9.03000,9.08000,9.02000,9.05000,117100
2798,2014-07-31,9.14000,9.14000,9.04000,9.08000,154600
2799,2014-07-30,9.17000,9.19000,9.13000,9.13000,217900
2800,2014-07-29,9.18000,9.20000,9.17000,9.18000,93200
2801,2014-07-28,9.18000,9.21000,9.17000,9.17000,94000
2802,2014-07-25,9.20000,9.21000,9.18000,9.19000,139500
2803,2014-07-24,9.16000,9.21000,9.16000,9.19000,123300
2804,2014-07-23,9.19000,9.21000,9.15000,9.15000,204700
2805,2014-07-22,9.20000,9.23000,9.19000,9.21000,100000
2806,2014-07-21,9.21000,9.23000,9.20000,9.21000,68800
2807,2014-07-18,9.20000,9.21000,9.19000,9.21000,80800
2808,2014-07-17,9.22000,9.22000,9.17000,9.18000,74100
2809,2014-07-16,9.19000,9.23000,9.18000,9.21000,110000
2810,2014-07-15,9.23000,9.23000,9.19000,9.19000,73000
2811,2014-07-14,9.30000,9.35000,9.23000,9.26000,140600
2812,2014-07-11,9.23000,9.27000,9.22000,9.27000,114700
2813,2014-07-10,9.24000,9.25000,9.19000,9.20000,76400
2814,2014-07-09,9.23000,9.27000,9.21000,9.26000,114700
2815,2014-07-08,9.23000,9.25000,9.19000,9.25000,114800
2816,2014-07-07,9.14000,9.22000,9.14000,9.21000,119200
2817,2014-07-03,9.16000,9.19000,9.15000,9.15000,56500
2818,2014-07-02,9.22000,9.24000,9.16000,9.16000,190500
2819,2014-07-01,9.21000,9.25000,9.21000,9.24000,113700
2820,2014-06-30,9.21000,9.24000,9.20000,9.24000,78900
2821,2014-06-27,9.21000,9.22000,9.20000,9.21000,58700
2822,2014-06-26,9.21000,9.22000,9.18000,9.21000,89100
2823,2014-06-25,9.16000,9.23000,9.16000,9.22000,101800
2824,2014-06-24,9.15000,9.20000,9.15000,9.18000,96200
2825,2014-06-23,9.19000,9.19000,9.13000,9.15000,206300
2826,2014-06-20,9.18000,9.20000,9.16000,9.19000,120600
2827,2014-06-19,9.17000,9.19000,9.16000,9.19000,84300
2828,2014-06-18,9.18000,9.19000,9.15000,9.18000,142700
2829,2014-06-17,9.20000,9.20000,9.15000,9.17000,72200
2830,2014-06-16,9.20000,9.24000,9.20000,9.23000,94300
2831,2014-06-13,9.22000,9.25000,9.19000,9.23000,73200
2832,2014-06-12,9.19000,9.21000,9.19000,9.20000,73500
2833,2014-06-11,9.19000,9.22000,9.18000,9.20000,72400
2834,2014-06-10,9.20000,9.23000,9.20000,9.23000,100700
2835,2014-06-09,9.20000,9.21000,9.17000,9.19000,113700
2836,2014-06-06,9.20000,9.25000,9.19000,9.22000,162700
2837,2014-06-05,9.14000,9.24000,9.14000,9.23000,262500
2838,2014-06-04,9.14000,9.17000,9.13000,9.16000,122200
2839,2014-06-03,9.14000,9.16000,9.14000,9.15000,186800
2840,2014-06-02,9.18000,9.19000,9.15000,9.15000,155800
2841,2014-05-30,9.18000,9.21000,9.17000,9.20000,74300
2842,2014-05-29,9.16000,9.20000,9.16000,9.20000,252600
2843,2014-05-28,9.14000,9.18000,9.12000,9.18000,105100
2844,2014-05-27,9.15000,9.17000,9.14000,9.14000,95300
2845,2014-05-23,9.16000,9.18000,9.14000,9.16000,134000
2846,2014-05-22,9.18000,9.18000,9.16000,9.16000,94600
2847,2014-05-21,9.16000,9.19000,9.16000,9.18000,163900
2848,2014-05-20,9.14000,9.17000,9.14000,9.15000,160700
2849,2014-05-19,9.15000,9.17000,9.13000,9.17000,149900
2850,2014-05-16,9.17000,9.17000,9.13000,9.15000,195500
2851,2014-05-15,9.15000,9.17000,9.12000,9.16000,143600
2852,2014-05-14,9.15000,9.17000,9.14000,9.17000,129600
2853,2014-05-13,9.18000,9.18000,9.14000,9.16000,152800
2854,2014-05-12,9.17000,9.24000,9.16000,9.24000,236900
2855,2014-05-09,9.18000,9.19000,9.13000,9.16000,620900
2856,2014-05-08,9.22000,9.24000,9.16000,9.19000,699600
2857,2014-05-07,9.34000,9.34000,9.23000,9.26000,189800
2858,2014-05-06,9.34000,9.36000,9.32000,9.32000,52700
2859,2014-05-05,9.32000,9.36000,9.32000,9.36000,100100
2860,2014-05-02,9.33000,9.39000,9.30000,9.35000,89500
2861,2014-05-01,9.32000,9.38000,9.29000,9.38000,125900
2862,2014-04-30,9.30000,9.32000,9.26000,9.30000,134400
2863,2014-04-29,9.25000,9.30000,9.25000,9.30000,87900
2864,2014-04-28,9.26000,9.28000,9.24000,9.26000,73900
2865,2014-04-25,9.24000,9.28000,9.23000,9.27000,53100
2866,2014-04-24,9.25000,9.25000,9.22000,9.25000,89500
2867,2014-04-23,9.24000,9.26000,9.23000,9.26000,100000
2868,2014-04-22,9.22000,9.23000,9.20000,9.23000,52800
2869,2014-04-21,9.14000,9.25000,9.13000,9.25000,132400
2870,2014-04-17,9.16000,9.17000,9.12000,9.16000,84800
2871,2014-04-16,9.12000,9.18000,9.10000,9.18000,137600
2872,2014-04-15,9.14000,9.16000,9.10000,9.15000,200200
2873,2014-04-14,9.14000,9.17000,9.13000,9.17000,98400
2874,2014-04-11,9.12000,9.16000,9.12000,9.13000,127200
2875,2014-04-10,9.16000,9.17000,9.12000,9.15000,161800
2876,2014-04-09,9.12000,9.16000,9.11000,9.14000,127000
2877,2014-04-08,9.15000,9.15000,9.13000,9.15000,80700
2878,2014-04-07,9.14000,9.17000,9.14000,9.16000,85500
2879,2014-04-04,9.16000,9.20000,9.15000,9.17000,79400
2880,2014-04-03,9.13000,9.20000,9.13000,9.17000,173400
2881,2014-04-02,9.13000,9.19000,9.11000,9.15000,141900
2882,2014-04-01,9.11000,9.16000,9.11000,9.15000,124200
2883,2014-03-31,9.12000,9.13000,9.10000,9.13000,158500
2884,2014-03-28,9.08000,9.10000,9.08000,9.10000,151100
2885,2014-03-27,9.07000,9.12000,9.07000,9.09000,134600
2886,2014-03-26,9.11000,9.12000,9.06000,9.07000,92400
2887,2014-03-25,9.07000,9.13000,9.07000,9.13000,153100
2888,2014-03-24,9.08000,9.13000,9.07000,9.07000,70900
2889,2014-03-21,9.07000,9.11000,9.07000,9.10000,71500
2890,2014-03-20,9.06000,9.09000,9.05000,9.07000,57600
2891,2014-03-19,9.07000,9.11000,9.06000,9.08000,74100
2892,2014-03-18,9.08000,9.09000,9.05000,9.08000,121800
2893,2014-03-17,9.11000,9.14000,9.10000,9.14000,79300
2894,2014-03-14,9.12000,9.15000,9.11000,9.11000,67400
2895,2014-03-13,9.14000,9.16000,9.10000,9.15000,108100
2896,2014-03-12,9.11000,9.17000,9.11000,9.15000,74000
2897,2014-03-11,9.06000,9.17000,9.06000,9.16000,233700
2898,2014-03-10,9.06000,9.09000,9.05000,9.07000,140300
2899,2014-03-07,9.12000,9.14000,9.07000,9.09000,231600
2900,2014-03-07,9.12000,9.14000,9.07000,9.09000,231600
2901,2014-03-06,9.11000,9.14000,9.11000,9.13000,179900
2902,2014-03-06,9.11000,9.14000,9.11000,9.13000,179900
2903,2014-03-05,9.12000,9.13000,9.10000,9.12000,212400
2904,2014-03-05,9.12000,9.13000,9.10000,9.12000,212400
2905,2014-03-04,9.15000,9.16000,9.13000,9.14000,161600
2906,2014-03-04,9.15000,9.16000,9.13000,9.14000,161600
2907,2014-03-03,9.10000,9.15000,9.08000,9.15000,123900
2908,2014-03-03,9.10000,9.15000,9.08000,9.15000,123900
2909,2014-02-28,9.08000,9.14000,9.08000,9.13000,94900
2910,2014-02-28,9.08000,9.14000,9.08000,9.13000,94900
2911,2014-02-27,9.06000,9.09000,9.06000,9.09000,106200
2912,2014-02-27,9.06000,9.09000,9.06000,9.09000,106200
2913,2014-02-26,9.07000,9.08000,9.06000,9.08000,83700
2914,2014-02-26,9.07000,9.08000,9.06000,9.08000,83700
2915,2014-02-25,9.06000,9.10000,9.04000,9.07000,179500
2916,2014-02-25,9.06000,9.10000,9.04000,9.07000,179500
2917,2014-02-24,9.02000,9.09000,9.01000,9.09000,214300
2918,2014-02-24,9.02000,9.09000,9.01000,9.09000,214300
2919,2014-02-21,9.02000,9.03000,9.00000,9.02000,213200
2920,2014-02-21,9.02000,9.03000,9.00000,9.02000,213200
2921,2014-02-20,9.00000,9.05000,9.00000,9.01000,153000
2922,2014-02-20,9.00000,9.05000,9.00000,9.01000,153000
2923,2014-02-19,9.01000,9.05000,9.00000,9.00000,131300
2924,2014-02-19,9.01000,9.05000,9.00000,9.00000,131300
2925,2014-02-18,8.98000,9.04000,8.98000,9.03000,208600
2926,2014-02-18,8.98000,9.04000,8.98000,9.03000,208600
2927,2014-02-14,8.99000,9.05000,8.99000,9.03000,136700
2928,2014-02-14,8.99000,9.05000,8.99000,9.03000,136700
2929,2014-02-13,9.04000,9.06000,8.98000,8.98000,227500
2930,2014-02-13,9.04000,9.06000,8.98000,8.98000,227500
2931,2014-02-12,9.07000,9.08000,9.03000,9.07000,270600
2932,2014-02-12,9.07000,9.08000,9.03000,9.07000,270600
2933,2014-02-11,9.07000,9.10000,9.06000,9.09000,84400
2934,2014-02-11,9.07000,9.10000,9.06000,9.09000,84400
2935,2014-02-10,9.06000,9.09000,9.05000,9.08000,143000
2936,2014-02-10,9.06000,9.09000,9.05000,9.08000,143000
2937,2014-02-07,9.03000,9.09000,9.01000,9.09000,235400
2938,2014-02-07,9.03000,9.09000,9.01000,9.09000,235400
2939,2014-02-06,9.00000,9.03000,8.98000,9.01000,492900
2940,2014-02-06,9.00000,9.03000,8.98000,9.01000,492900
2941,2014-02-05,8.97000,8.99000,8.96000,8.99000,168700
2942,2014-02-05,8.97000,8.99000,8.96000,8.99000,168700
2943,2014-02-04,8.97000,9.01000,8.97000,8.98000,192600
2944,2014-02-04,8.97000,9.01000,8.97000,8.98000,192600
2945,2014-02-03,8.95000,9.00000,8.95000,8.99000,135700
2946,2014-02-03,8.95000,9.00000,8.95000,8.99000,135700
2947,2014-01-31,8.96000,8.99000,8.96000,8.97000,93200
2948,2014-01-31,8.96000,8.99000,8.96000,8.97000,93200
2949,2014-01-30,8.98000,9.00000,8.96000,8.97000,147700
2950,2014-01-30,8.98000,9.00000,8.96000,8.97000,147700
2951,2014-01-29,8.98000,9.00000,8.97000,8.99000,114500
2952,2014-01-29,8.98000,9.00000,8.97000,8.99000,114500
2953,2014-01-28,8.97000,9.02000,8.97000,9.01000,126400
2954,2014-01-28,8.97000,9.02000,8.97000,9.01000,126400
2955,2014-01-27,9.01000,9.01000,8.98000,9.00000,201300
2956,2014-01-27,9.01000,9.01000,8.98000,9.00000,201300
2957,2014-01-24,9.10000,9.10000,9.03000,9.05000,101700
2958,2014-01-24,9.10000,9.10000,9.03000,9.05000,101700
2959,2014-01-23,9.07000,9.10000,9.06000,9.10000,340000
2960,2014-01-23,9.07000,9.10000,9.06000,9.10000,340000
2961,2014-01-22,9.05000,9.08000,9.04000,9.07000,176100
2962,2014-01-22,9.05000,9.08000,9.04000,9.07000,176100
2963,2014-01-21,9.02000,9.05000,9.02000,9.03000,151700
2964,2014-01-21,9.02000,9.05000,9.02000,9.03000,151700
2965,2014-01-17,9.01000,9.03000,9.00000,9.02000,117000
2966,2014-01-17,9.01000,9.03000,9.00000,9.02000,117000
2967,2014-01-16,9.00000,9.05000,9.00000,9.01000,189600
2968,2014-01-16,9.00000,9.05000,9.00000,9.01000,189600
2969,2014-01-15,9.05000,9.08000,9.04000,9.04000,176500
2970,2014-01-15,9.05000,9.08000,9.04000,9.04000,176500
2971,2014-01-14,9.04000,9.07000,9.03000,9.04000,177700
2972,2014-01-14,9.04000,9.07000,9.03000,9.04000,177700
2973,2014-01-13,9.15000,9.19000,9.10000,9.10000,183900
2974,2014-01-13,9.15000,9.19000,9.10000,9.10000,183900
2975,2014-01-10,9.10000,9.19000,9.10000,9.17000,181100
2976,2014-01-10,9.10000,9.19000,9.10000,9.17000,181100
2977,2014-01-09,9.09000,9.16000,9.08000,9.11000,266200
2978,2014-01-09,9.09000,9.16000,9.08000,9.11000,266200
2979,2014-01-08,9.08000,9.17000,9.08000,9.10000,375900
2980,2014-01-08,9.08000,9.17000,9.08000,9.10000,375900
2981,2014-01-07,9.09000,9.13000,9.08000,9.10000,121700
2982,2014-01-07,9.09000,9.13000,9.08000,9.10000,121700
2983,2014-01-06,9.06000,9.11000,9.05000,9.10000,89600
2984,2014-01-06,9.06000,9.11000,9.05000,9.10000,89600
2985,2014-01-03,9.04000,9.10000,9.04000,9.08000,128800
2986,2014-01-03,9.04000,9.10000,9.04000,9.08000,128800
2987,2014-01-02,9.02000,9.07000,9.02000,9.07000,189700
2988,2014-01-02,9.02000,9.07000,9.02000,9.07000,189700
2989,2013-12-31,9.04000,9.07000,9.04000,9.05000,239700
2990,2013-12-31,9.04000,9.07000,9.04000,9.05000,239700
2991,2013-12-30,9.06000,9.08000,9.03000,9.04000,203000
2992,2013-12-30,9.06000,9.08000,9.03000,9.04000,203000
2993,2013-12-27,8.97000,9.05000,8.97000,9.05000,225400
2994,2013-12-27,8.97000,9.05000,8.97000,9.05000,225400
2995,2013-12-26,9.09000,9.11000,8.99000,8.99000,308000
2996,2013-12-26,9.09000,9.11000,8.99000,8.99000,308000
2997,2013-12-24,9.07000,9.10000,9.05000,9.08000,88300
2998,2013-12-24,9.07000,9.10000,9.05000,9.08000,88300
2999,2013-12-23,8.89000,9.05000,8.88000,9.04000,260700
3000,2013-12-23,8.89000,9.05000,8.88000,9.04000,260700
3001,2013-12-20,8.81000,8.91000,8.81000,8.88000,173600
3002,2013-12-20,8.81000,8.91000,8.81000,8.88000,173600
3003,2013-12-19,8.81000,8.86000,8.80000,8.84000,204300
3004,2013-12-19,8.81000,8.86000,8.80000,8.84000,204300
3005,2013-12-18,8.84000,8.88000,8.78000,8.83000,359200
3006,2013-12-18,8.84000,8.88000,8.78000,8.83000,359200
3007,2013-12-17,8.83000,8.86000,8.83000,8.84000,250600
3008,2013-12-17,8.83000,8.86000,8.83000,8.84000,250600
3009,2013-12-16,8.90000,8.91000,8.88000,8.89000,222700
3010,2013-12-16,8.90000,8.91000,8.88000,8.89000,222700
3011,2013-12-13,8.94000,8.95000,8.90000,8.90000,141000
3012,2013-12-13,8.94000,8.95000,8.90000,8.90000,141000
3013,2013-12-12,8.96000,8.97000,8.93000,8.97000,125800
3014,2013-12-12,8.96000,8.97000,8.93000,8.97000,125800
3015,2013-12-11,8.95000,8.97000,8.92000,8.96000,173000
3016,2013-12-11,8.95000,8.97000,8.92000,8.96000,173000
3017,2013-12-10,8.93000,8.96000,8.90000,8.96000,123100
3018,2013-12-10,8.93000,8.96000,8.90000,8.96000,123100
3019,2013-12-09,8.92000,8.95000,8.90000,8.90000,111100
3020,2013-12-09,8.92000,8.95000,8.90000,8.90000,111100
3021,2013-12-06,8.95000,9.00000,8.88000,8.94000,185400
3022,2013-12-06,8.95000,9.00000,8.88000,8.94000,185400
3023,2013-12-05,8.89000,8.91000,8.87000,8.87000,130100
3024,2013-12-05,8.89000,8.91000,8.87000,8.87000,130100
3025,2013-12-04,8.93000,8.95000,8.90000,8.91000,134200
3026,2013-12-04,8.93000,8.95000,8.90000,8.91000,134200
3027,2013-12-03,8.94000,8.99000,8.93000,8.94000,153300
3028,2013-12-03,8.94000,8.99000,8.93000,8.94000,153300
3029,2013-12-02,8.95000,9.00000,8.95000,8.98000,121600
3030,2013-12-02,8.95000,9.00000,8.95000,8.98000,121600
3031,2013-11-29,8.94000,9.00000,8.94000,8.97000,165100
3032,2013-11-29,8.94000,9.00000,8.94000,8.97000,165100
3033,2013-11-27,8.94000,8.96000,8.93000,8.95000,88300
3034,2013-11-27,8.94000,8.96000,8.93000,8.95000,88300
3035,2013-11-26,8.93000,8.96000,8.92000,8.96000,108300
3036,2013-11-26,8.93000,8.96000,8.92000,8.96000,108300
3037,2013-11-25,8.93000,8.97000,8.92000,8.95000,127600
3038,2013-11-25,8.93000,8.97000,8.92000,8.95000,127600
3039,2013-11-22,8.95000,8.98000,8.94000,8.95000,124100
3040,2013-11-22,8.95000,8.98000,8.94000,8.95000,124100
3041,2013-11-21,8.98000,8.99000,8.95000,8.95000,160000
3042,2013-11-21,8.98000,8.99000,8.95000,8.95000,160000
3043,2013-11-20,8.97000,8.99000,8.95000,8.98000,230400
3044,2013-11-20,8.97000,8.99000,8.95000,8.98000,230400
3045,2013-11-19,8.93000,8.97000,8.92000,8.97000,231100
3046,2013-11-19,8.93000,8.97000,8.92000,8.97000,231100
3047,2013-11-18,8.94000,8.98000,8.91000,8.94000,222200
3048,2013-11-18,8.94000,8.98000,8.91000,8.94000,222200
3049,2013-11-15,8.90000,8.95000,8.90000,8.93000,138500
3050,2013-11-15,8.90000,8.95000,8.90000,8.93000,138500
3051,2013-11-14,8.97000,9.00000,8.93000,8.93000,186500
3052,2013-11-14,8.97000,9.00000,8.93000,8.93000,186500
3053,2013-11-13,8.96000,9.01000,8.94000,9.00000,188400
3054,2013-11-13,8.96000,9.01000,8.94000,9.00000,188400
3055,2013-11-12,8.98000,9.02000,8.97000,8.97000,429500
3056,2013-11-12,8.98000,9.02000,8.97000,8.97000,429500
3057,2013-11-11,9.04000,9.05000,9.01000,9.04000,112300
3058,2013-11-11,9.04000,9.05000,9.01000,9.04000,112300
3059,2013-11-08,9.06000,9.08000,9.00000,9.00000,111400
3060,2013-11-08,9.06000,9.08000,9.00000,9.00000,111400
3061,2013-11-07,9.06000,9.10000,9.04000,9.10000,95800
3062,2013-11-07,9.06000,9.10000,9.04000,9.10000,95800
3063,2013-11-06,9.05000,9.10000,9.04000,9.08000,110800
3064,2013-11-06,9.05000,9.10000,9.04000,9.08000,110800
3065,2013-11-05,9.03000,9.06000,9.03000,9.05000,75600
3066,2013-11-05,9.03000,9.06000,9.03000,9.05000,75600
3067,2013-11-04,9.02000,9.09000,9.01000,9.06000,175700
3068,2013-11-04,9.02000,9.09000,9.01000,9.06000,175700
3069,2013-11-01,9.00000,9.06000,8.99000,9.00000,263300
3070,2013-10-31,8.99000,9.01000,8.97000,9.01000,145300
3071,2013-10-30,8.98000,9.02000,8.98000,8.99000,97500
3072,2013-10-29,9.05000,9.05000,9.00000,9.00000,136300
3073,2013-10-28,9.05000,9.06000,9.02000,9.04000,115800
3074,2013-10-25,8.98000,9.06000,8.98000,9.04000,172400
3075,2013-10-24,8.97000,9.02000,8.97000,9.01000,91500
3076,2013-10-23,8.95000,9.01000,8.95000,8.98000,118800
3077,2013-10-22,8.94000,9.00000,8.94000,8.98000,100000
3078,2013-10-21,8.95000,8.96000,8.93000,8.94000,107000
3079,2013-10-18,8.92000,9.00000,8.92000,8.95000,182300
3080,2013-10-17,8.86000,8.93000,8.86000,8.93000,141800
3081,2013-10-16,8.84000,8.92000,8.84000,8.86000,216600
3082,2013-10-15,8.85000,8.87000,8.83000,8.86000,172900
3083,2013-10-14,8.88000,8.90000,8.87000,8.88000,115400
3084,2013-10-11,8.87000,8.92000,8.87000,8.92000,133000
3085,2013-10-10,8.88000,8.91000,8.88000,8.89000,119400
3086,2013-10-09,8.86000,8.88000,8.85000,8.87000,86300
3087,2013-10-08,8.87000,8.90000,8.86000,8.87000,139300
3088,2013-10-07,8.87000,8.89000,8.85000,8.89000,163900
3089,2013-10-04,8.88000,8.90000,8.86000,8.89000,126400
3090,2013-10-03,8.89000,8.94000,8.89000,8.91000,164900
3091,2013-10-02,8.92000,8.98000,8.92000,8.94000,247900
3092,2013-10-01,8.95000,9.00000,8.93000,8.99000,118800
3093,2013-09-30,8.91000,8.98000,8.90000,8.95000,223200
3094,2013-09-27,8.88000,8.93000,8.87000,8.92000,121300
3095,2013-09-26,8.91000,8.94000,8.89000,8.91000,102500
3096,2013-09-25,8.86000,8.94000,8.86000,8.90000,153800
3097,2013-09-24,8.83000,8.90000,8.82000,8.90000,102300
3098,2013-09-23,8.79000,8.85000,8.78000,8.82000,143000
3099,2013-09-20,8.80000,8.86000,8.75000,8.84000,153000
3100,2013-09-19,8.81000,8.83000,8.76000,8.78000,202700
3101,2013-09-18,8.67000,8.85000,8.63000,8.85000,163400
3102,2013-09-17,8.68000,8.71000,8.67000,8.68000,217500
3103,2013-09-16,8.69000,8.76000,8.68000,8.74000,116600
3104,2013-09-13,8.64000,8.68000,8.64000,8.65000,99000
3105,2013-09-12,8.64000,8.68000,8.62000,8.64000,264700
3106,2013-09-11,8.71000,8.72000,8.64000,8.64000,199700
3107,2013-09-10,8.68000,8.70000,8.67000,8.70000,168800
3108,2013-09-09,8.64000,8.72000,8.64000,8.69000,141500
3109,2013-09-06,8.65000,8.74000,8.65000,8.67000,180900
3110,2013-09-05,8.68000,8.76000,8.65000,8.65000,407500
3111,2013-09-04,8.64000,8.72000,8.64000,8.71000,170300
3112,2013-09-03,8.66000,8.70000,8.64000,8.66000,161900
3113,2013-08-30,8.63000,8.69000,8.63000,8.68000,165400
3114,2013-08-29,8.56000,8.68000,8.56000,8.66000,341600
3115,2013-08-28,8.58000,8.61000,8.58000,8.61000,184400
3116,2013-08-27,8.58000,8.66000,8.58000,8.63000,180700
3117,2013-08-26,8.62000,8.66000,8.61000,8.66000,180600
3118,2013-08-23,8.58000,8.66000,8.58000,8.64000,302200
3119,2013-08-22,8.58000,8.66000,8.58000,8.62000,270800
3120,2013-08-21,8.57000,8.63000,8.54000,8.59000,213400
3121,2013-08-20,8.55000,8.64000,8.55000,8.63000,188900
3122,2013-08-19,8.61000,8.67000,8.50000,8.52000,481000
3123,2013-08-16,8.65000,8.67000,8.63000,8.65000,206200
3124,2013-08-15,8.69000,8.74000,8.64000,8.65000,173000
3125,2013-08-14,8.77000,8.80000,8.75000,8.75000,175100
3126,2013-08-13,8.77000,8.85000,8.77000,8.80000,267300
3127,2013-08-12,8.79000,8.86000,8.79000,8.82000,158500
3128,2013-08-09,8.80000,8.91000,8.80000,8.84000,166300
3129,2013-08-08,8.83000,8.85000,8.76000,8.82000,185400
3130,2013-08-07,8.75000,8.84000,8.75000,8.83000,193200
3131,2013-08-06,8.80000,8.87000,8.78000,8.83000,163100
3132,2013-08-05,8.85000,8.90000,8.84000,8.85000,258800
3133,2013-08-02,8.91000,8.94000,8.89000,8.90000,189800
3134,2013-08-01,8.96000,8.99000,8.93000,8.93000,157300
3135,2013-07-31,9.01000,9.01000,8.92000,8.98000,186600
3136,2013-07-30,8.97000,9.00000,8.96000,8.99000,155900
3137,2013-07-29,9.05000,9.05000,8.96000,8.97000,97400
3138,2013-07-26,9.01000,9.08000,8.99000,9.08000,86800
3139,2013-07-25,8.95000,9.09000,8.95000,9.08000,157600
3140,2013-07-24,9.03000,9.03000,8.97000,8.99000,132800
3141,2013-07-23,9.02000,9.08000,9.02000,9.05000,171000
3142,2013-07-22,9.05000,9.08000,9.00000,9.04000,265400
3143,2013-07-19,9.04000,9.08000,9.03000,9.08000,149400
3144,2013-07-18,9.04000,9.11000,9.04000,9.05000,174500
3145,2013-07-17,9.02000,9.12000,9.02000,9.08000,134000
3146,2013-07-16,9.02000,9.06000,9.01000,9.03000,141600
3147,2013-07-15,9.11000,9.17000,9.11000,9.11000,147400
3148,2013-07-12,9.09000,9.21000,9.09000,9.14000,162500
3149,2013-07-11,9.08000,9.22000,9.08000,9.18000,255800
3150,2013-07-10,8.94000,9.09000,8.94000,9.05000,263200
3151,2013-07-09,8.90000,9.04000,8.90000,9.01000,202000
3152,2013-07-08,8.92000,9.01000,8.83000,8.90000,479600
3153,2013-07-05,9.02000,9.05000,8.90000,8.95000,183600
3154,2013-07-03,9.02000,9.11000,8.98000,9.10000,108800
3155,2013-07-02,9.30000,9.30000,9.06000,9.11000,233400
3156,2013-07-01,9.20000,9.34000,9.20000,9.30000,148700
3157,2013-06-28,9.34000,9.34000,9.16000,9.25000,239300
3158,2013-06-27,9.16000,9.33000,9.14000,9.30000,241200
3159,2013-06-26,8.90000,9.21000,8.90000,9.20000,214600
3160,2013-06-25,8.82000,8.93000,8.74000,8.89000,370500
3161,2013-06-24,8.97000,8.97000,8.71000,8.79000,482800
3162,2013-06-21,9.02000,9.10000,9.00000,9.06000,238300
3163,2013-06-20,9.13000,9.13000,8.97000,9.02000,304900
3164,2013-06-19,9.35000,9.40000,9.19000,9.19000,242800
3165,2013-06-18,9.39000,9.46000,9.28000,9.42000,118800
3166,2013-06-17,9.48000,9.57000,9.47000,9.48000,161900
3167,2013-06-14,9.28000,9.53000,9.28000,9.51000,216700
3168,2013-06-13,9.18000,9.33000,9.08000,9.28000,403600
3169,2013-06-12,9.38000,9.43000,9.26000,9.27000,310300
3170,2013-06-11,9.39000,9.47000,9.32000,9.41000,367300
3171,2013-06-10,9.41000,9.48000,9.41000,9.46000,255600
3172,2013-06-07,9.55000,9.60000,9.46000,9.48000,243600
3173,2013-06-06,9.56000,9.60000,9.52000,9.59000,277600
3174,2013-06-05,9.53000,9.66000,9.49000,9.57000,356500
3175,2013-06-04,9.45000,9.67000,9.42000,9.60000,447400
3176,2013-06-03,9.59000,9.69000,9.47000,9.53000,299400
3177,2013-05-31,9.87000,10.03000,9.69000,9.72000,256200
3178,2013-05-30,9.93000,10.05000,9.93000,9.95000,113100
3179,2013-05-29,10.14000,10.18000,9.82000,9.99000,324000
3180,2013-05-28,10.35000,10.38000,10.19000,10.22000,134600
3181,2013-05-24,10.39000,10.40000,10.31000,10.37000,63500
3182,2013-05-23,10.33000,10.41000,10.33000,10.39000,80300
3183,2013-05-22,10.36000,10.48000,10.35000,10.35000,125800
3184,2013-05-21,10.44000,10.45000,10.37000,10.37000,120800
3185,2013-05-20,10.28000,10.50000,10.28000,10.48000,158200
3186,2013-05-17,10.38000,10.39000,10.30000,10.30000,98800
3187,2013-05-16,10.36000,10.38000,10.31000,10.35000,107400
3188,2013-05-15,10.32000,10.41000,10.31000,10.41000,115600
3189,2013-05-14,10.35000,10.41000,10.30000,10.36000,166000
3190,2013-05-13,10.35000,10.46000,10.33000,10.44000,118400
3191,2013-05-10,10.40000,10.46000,10.37000,10.40000,111300
3192,2013-05-09,10.37000,10.51000,10.34000,10.43000,148400
3193,2013-05-08,10.34000,10.42000,10.33000,10.42000,125300
3194,2013-05-07,10.32000,10.38000,10.29000,10.30000,91900
3195,2013-05-06,10.31000,10.39000,10.26000,10.36000,203000
3196,2013-05-03,10.35000,10.42000,10.30000,10.32000,143900
3197,2013-05-02,10.39000,10.40000,10.33000,10.36000,111800
3198,2013-05-01,10.27000,10.40000,10.27000,10.40000,106300
3199,2013-04-30,10.35000,10.36000,10.27000,10.31000,142300
3200,2013-04-29,10.34000,10.39000,10.32000,10.37000,122500
3201,2013-04-26,10.35000,10.38000,10.31000,10.37000,79400
3202,2013-04-25,10.27000,10.36000,10.27000,10.31000,166700
3203,2013-04-24,10.28000,10.32000,10.24000,10.32000,94000
3204,2013-04-23,10.21000,10.30000,10.16000,10.27000,170600
3205,2013-04-22,10.24000,10.29000,10.23000,10.24000,69800
3206,2013-04-19,10.23000,10.31000,10.22000,10.27000,63000
3207,2013-04-18,10.22000,10.25000,10.15000,10.25000,156000
3208,2013-04-17,10.13000,10.25000,10.13000,10.25000,123300
3209,2013-04-16,10.19000,10.23000,10.15000,10.17000,109900
3210,2013-04-15,10.25000,10.27000,10.20000,10.22000,73800
3211,2013-04-12,10.18000,10.30000,10.13000,10.28000,158500
3212,2013-04-11,10.17000,10.22000,10.17000,10.22000,86100
3213,2013-04-10,10.11000,10.19000,10.09000,10.17000,114800
3214,2013-04-09,10.13000,10.19000,10.06000,10.14000,230800
3215,2013-04-08,10.13000,10.17000,10.07000,10.17000,91400
3216,2013-04-05,9.98000,10.16000,9.98000,10.12000,81400
3217,2013-04-04,10.07000,10.12000,10.02000,10.06000,172100
3218,2013-04-03,10.15000,10.15000,9.95000,10.08000,122300
3219,2013-04-02,10.15000,10.17000,10.09000,10.15000,93900
3220,2013-04-01,10.15000,10.19000,10.07000,10.09000,129000
3221,2013-03-28,10.29000,10.29000,10.13000,10.14000,206700
3222,2013-03-27,10.12000,10.23000,10.12000,10.22000,107300
3223,2013-03-26,10.12000,10.19000,10.08000,10.17000,175800
3224,2013-03-25,10.14000,10.19000,10.11000,10.14000,101100
3225,2013-03-22,10.26000,10.26000,10.09000,10.17000,204900
3226,2013-03-21,10.21000,10.33000,10.11000,10.22000,206500
3227,2013-03-20,10.18000,10.22000,10.12000,10.22000,95900
3228,2013-03-19,10.15000,10.15000,10.07000,10.13000,79100
3229,2013-03-18,9.93000,10.13000,9.93000,10.13000,100600
3230,2013-03-15,10.13000,10.15000,9.89000,9.96000,185700
3231,2013-03-14,10.22000,10.27000,10.03000,10.13000,144100
3232,2013-03-13,10.32000,10.32000,10.21000,10.24000,81100
3233,2013-03-12,10.27000,10.35000,10.25000,10.31000,96600
3234,2013-03-11,10.30000,10.38000,10.30000,10.36000,107200
3235,2013-03-08,10.29000,10.38000,10.29000,10.34000,89400
3236,2013-03-08,10.29000,10.38000,10.29000,10.34000,89400
3237,2013-03-07,10.29000,10.35000,10.25000,10.30000,129000
3238,2013-03-07,10.29000,10.35000,10.25000,10.30000,129000
3239,2013-03-06,10.27000,10.35000,10.27000,10.35000,99900
3240,2013-03-06,10.27000,10.35000,10.27000,10.35000,99900
3241,2013-03-05,10.19000,10.32000,10.19000,10.28000,154500
3242,2013-03-05,10.19000,10.32000,10.19000,10.28000,154500
3243,2013-03-04,10.27000,10.32000,10.17000,10.20000,150100
3244,2013-03-04,10.27000,10.32000,10.17000,10.20000,150100
3245,2013-03-01,10.21000,10.35000,10.21000,10.33000,132500
3246,2013-03-01,10.21000,10.35000,10.21000,10.33000,132500
3247,2013-02-28,10.31000,10.36000,10.24000,10.26000,143100
3248,2013-02-28,10.31000,10.36000,10.24000,10.26000,143100
3249,2013-02-27,10.20000,10.30000,10.20000,10.30000,148800
3250,2013-02-27,10.20000,10.30000,10.20000,10.30000,148800
3251,2013-02-26,10.19000,10.30000,10.19000,10.28000,120300
3252,2013-02-26,10.19000,10.30000,10.19000,10.28000,120300
3253,2013-02-25,10.18000,10.25000,10.16000,10.24000,101800
3254,2013-02-25,10.18000,10.25000,10.16000,10.24000,101800
3255,2013-02-22,10.27000,10.27000,10.12000,10.22000,142700
3256,2013-02-22,10.27000,10.27000,10.12000,10.22000,142700
3257,2013-02-21,10.19000,10.26000,10.19000,10.24000,148200
3258,2013-02-21,10.19000,10.26000,10.19000,10.24000,148200
3259,2013-02-20,10.18000,10.22000,10.16000,10.21000,190900
3260,2013-02-20,10.18000,10.22000,10.16000,10.21000,190900
3261,2013-02-19,10.15000,10.20000,10.12000,10.18000,130100
3262,2013-02-19,10.15000,10.20000,10.12000,10.18000,130100
3263,2013-02-15,10.07000,10.17000,10.07000,10.14000,145900
3264,2013-02-15,10.07000,10.17000,10.07000,10.14000,145900
3265,2013-02-14,10.16000,10.20000,10.13000,10.14000,127600
3266,2013-02-14,10.16000,10.20000,10.13000,10.14000,127600
3267,2013-02-13,10.21000,10.25000,10.15000,10.20000,106600
3268,2013-02-13,10.21000,10.25000,10.15000,10.20000,106600
3269,2013-02-12,10.21000,10.25000,10.21000,10.22000,127400
3270,2013-02-12,10.21000,10.25000,10.21000,10.22000,127400
3271,2013-02-11,10.23000,10.29000,10.22000,10.29000,92500
3272,2013-02-11,10.23000,10.29000,10.22000,10.29000,92500
3273,2013-02-08,10.24000,10.29000,10.17000,10.29000,162800
3274,2013-02-08,10.24000,10.29000,10.17000,10.29000,162800
3275,2013-02-07,10.20000,10.26000,10.20000,10.24000,69400
3276,2013-02-07,10.20000,10.26000,10.20000,10.24000,69400
3277,2013-02-06,10.12000,10.25000,10.12000,10.23000,94300
3278,2013-02-06,10.12000,10.25000,10.12000,10.23000,94300
3279,2013-02-05,10.18000,10.28000,10.15000,10.19000,200100
3280,2013-02-05,10.18000,10.28000,10.15000,10.19000,200100
3281,2013-02-04,10.19000,10.30000,10.15000,10.21000,125200
3282,2013-02-04,10.19000,10.30000,10.15000,10.21000,125200
3283,2013-02-01,10.18000,10.30000,10.18000,10.30000,105900
3284,2013-02-01,10.18000,10.30000,10.18000,10.30000,105900
3285,2013-01-31,10.19000,10.24000,10.15000,10.20000,136200
3286,2013-01-31,10.19000,10.24000,10.15000,10.20000,136200
3287,2013-01-30,10.19000,10.26000,10.06000,10.15000,316200
3288,2013-01-30,10.19000,10.26000,10.06000,10.15000,316200
3289,2013-01-29,10.43000,10.46000,10.18000,10.26000,476200
3290,2013-01-29,10.43000,10.46000,10.18000,10.26000,476200
3291,2013-01-28,10.49000,10.51000,10.40000,10.47000,154700
3292,2013-01-28,10.49000,10.51000,10.40000,10.47000,154700
3293,2013-01-25,10.57000,10.57000,10.48000,10.49000,135600
3294,2013-01-25,10.57000,10.57000,10.48000,10.49000,135600
3295,2013-01-24,10.56000,10.57000,10.50000,10.57000,121500
3296,2013-01-24,10.56000,10.57000,10.50000,10.57000,121500
3297,2013-01-23,10.53000,10.58000,10.50000,10.53000,125200
3298,2013-01-23,10.53000,10.58000,10.50000,10.53000,125200
3299,2013-01-22,10.60000,10.60000,10.45000,10.48000,138300
3300,2013-01-22,10.60000,10.60000,10.45000,10.48000,138300
3301,2013-01-18,10.53000,10.60000,10.53000,10.58000,88300
3302,2013-01-18,10.53000,10.60000,10.53000,10.58000,88300
3303,2013-01-17,10.53000,10.59000,10.48000,10.56000,124600
3304,2013-01-17,10.53000,10.59000,10.48000,10.56000,124600
3305,2013-01-16,10.43000,10.58000,10.41000,10.46000,177100
3306,2013-01-16,10.43000,10.58000,10.41000,10.46000,177100
3307,2013-01-15,10.34000,10.51000,10.34000,10.50000,145000
3308,2013-01-15,10.34000,10.51000,10.34000,10.50000,145000
3309,2013-01-14,10.47000,10.53000,10.41000,10.46000,184500
3310,2013-01-14,10.47000,10.53000,10.41000,10.46000,184500
3311,2013-01-11,10.40000,10.53000,10.32000,10.53000,172200
3312,2013-01-11,10.40000,10.53000,10.32000,10.53000,172200
3313,2013-01-10,10.43000,10.43000,10.27000,10.35000,146900
3314,2013-01-10,10.43000,10.43000,10.27000,10.35000,146900
3315,2013-01-09,10.26000,10.40000,10.26000,10.39000,137800
3316,2013-01-09,10.26000,10.40000,10.26000,10.39000,137800
3317,2013-01-08,10.28000,10.39000,10.22000,10.26000,165000
3318,2013-01-08,10.28000,10.39000,10.22000,10.26000,165000
3319,2013-01-07,10.36000,10.46000,10.27000,10.34000,124400
3320,2013-01-07,10.36000,10.46000,10.27000,10.34000,124400
3321,2013-01-04,10.49000,10.49000,10.29000,10.33000,122700
3322,2013-01-04,10.49000,10.49000,10.29000,10.33000,122700
3323,2013-01-03,10.34000,10.49000,10.19000,10.49000,329100
3324,2013-01-03,10.34000,10.49000,10.19000,10.49000,329100
3325,2013-01-02,10.18000,10.37000,10.12000,10.34000,149700
3326,2013-01-02,10.18000,10.37000,10.12000,10.34000,149700
3327,2012-12-31,10.08000,10.14000,10.02000,10.12000,160500
3328,2012-12-31,10.08000,10.14000,10.02000,10.12000,160500
3329,2012-12-28,10.07000,10.10000,9.96000,10.05000,171400
3330,2012-12-28,10.07000,10.10000,9.96000,10.05000,171400
3331,2012-12-27,10.15000,10.16000,10.05000,10.07000,132900
3332,2012-12-27,10.15000,10.16000,10.05000,10.07000,132900
3333,2012-12-26,10.14000,10.20000,10.08000,10.11000,89200
3334,2012-12-26,10.14000,10.20000,10.08000,10.11000,89200
3335,2012-12-24,10.22000,10.23000,10.15000,10.17000,61500
3336,2012-12-24,10.22000,10.23000,10.15000,10.17000,61500
3337,2012-12-21,10.08000,10.22000,10.05000,10.22000,133600
3338,2012-12-21,10.08000,10.22000,10.05000,10.22000,133600
3339,2012-12-20,10.20000,10.23000,10.06000,10.15000,142700
3340,2012-12-20,10.20000,10.23000,10.06000,10.15000,142700
3341,2012-12-19,10.18000,10.22000,10.10000,10.11000,141600
3342,2012-12-19,10.18000,10.22000,10.10000,10.11000,141600
3343,2012-12-18,10.17000,10.23000,10.14000,10.18000,107800
3344,2012-12-18,10.17000,10.23000,10.14000,10.18000,107800
3345,2012-12-17,10.18000,10.24000,10.15000,10.21000,104900
3346,2012-12-17,10.18000,10.24000,10.15000,10.21000,104900
3347,2012-12-14,10.17000,10.22000,10.16000,10.19000,70000
3348,2012-12-14,10.17000,10.22000,10.16000,10.19000,70000
3349,2012-12-13,10.20000,10.28000,10.17000,10.20000,115900
3350,2012-12-13,10.20000,10.28000,10.17000,10.20000,115900
3351,2012-12-12,10.21000,10.30000,10.17000,10.25000,143700
3352,2012-12-12,10.21000,10.30000,10.17000,10.25000,143700
3353,2012-12-11,10.19000,10.31000,10.15000,10.21000,118000
3354,2012-12-11,10.19000,10.31000,10.15000,10.21000,118000
3355,2012-12-10,10.09000,10.18000,10.03000,10.18000,132200
3356,2012-12-10,10.09000,10.18000,10.03000,10.18000,132200
3357,2012-12-07,9.95000,10.13000,9.95000,10.05000,146600
3358,2012-12-07,9.95000,10.13000,9.95000,10.05000,146600
3359,2012-12-06,10.06000,10.16000,9.98000,9.98000,198500
3360,2012-12-06,10.06000,10.16000,9.98000,9.98000,198500
3361,2012-12-05,10.07000,10.27000,10.07000,10.13000,311500
3362,2012-12-05,10.07000,10.27000,10.07000,10.13000,311500
3363,2012-12-04,10.05000,10.18000,9.98000,10.12000,317300
3364,2012-12-04,10.05000,10.18000,9.98000,10.12000,317300
3365,2012-12-03,10.13000,10.19000,10.06000,10.10000,179000
3366,2012-12-03,10.13000,10.19000,10.06000,10.10000,179000
3367,2012-11-30,10.19000,10.26000,10.15000,10.19000,133200
3368,2012-11-30,10.19000,10.26000,10.15000,10.19000,133200
3369,2012-11-29,10.18000,10.25000,10.16000,10.24000,98800
3370,2012-11-29,10.18000,10.25000,10.16000,10.24000,98800
3371,2012-11-28,10.06000,10.24000,10.06000,10.18000,142200
3372,2012-11-28,10.06000,10.24000,10.06000,10.18000,142200
3373,2012-11-27,10.00000,10.18000,9.98000,10.13000,173600
3374,2012-11-27,10.00000,10.18000,9.98000,10.13000,173600
3375,2012-11-26,10.06000,10.08000,9.95000,9.98000,145600
3376,2012-11-26,10.06000,10.08000,9.95000,9.98000,145600
3377,2012-11-23,10.07000,10.08000,10.04000,10.04000,63100
3378,2012-11-23,10.07000,10.08000,10.04000,10.04000,63100
3379,2012-11-21,10.06000,10.08000,9.99000,10.00000,141500
3380,2012-11-21,10.06000,10.08000,9.99000,10.00000,141500
3381,2012-11-20,10.08000,10.08000,9.97000,9.99000,118500
3382,2012-11-20,10.08000,10.08000,9.97000,9.99000,118500
3383,2012-11-19,9.95000,10.05000,9.89000,10.05000,147500
3384,2012-11-19,9.95000,10.05000,9.89000,10.05000,147500
3385,2012-11-16,9.37000,9.94000,9.37000,9.88000,232100
3386,2012-11-16,9.37000,9.94000,9.37000,9.88000,232100
3387,2012-11-15,9.81000,9.86000,9.43000,9.55000,854300
3388,2012-11-15,9.81000,9.86000,9.43000,9.55000,854300
3389,2012-11-14,10.32000,10.32000,9.88000,9.95000,234700
3390,2012-11-14,10.32000,10.32000,9.88000,9.95000,234700
3391,2012-11-13,10.38000,10.38000,10.21000,10.28000,139200
3392,2012-11-13,10.38000,10.38000,10.21000,10.28000,139200
3393,2012-11-12,10.36000,10.46000,10.31000,10.42000,93700
3394,2012-11-12,10.36000,10.46000,10.31000,10.42000,93700
3395,2012-11-09,10.42000,10.42000,10.31000,10.33000,102200
3396,2012-11-09,10.42000,10.42000,10.31000,10.33000,102200
3397,2012-11-08,10.42000,10.44000,10.30000,10.38000,118900
3398,2012-11-08,10.42000,10.44000,10.30000,10.38000,118900
3399,2012-11-07,10.36000,10.42000,10.34000,10.41000,139100
3400,2012-11-07,10.36000,10.42000,10.34000,10.41000,139100
3401,2012-11-06,10.31000,10.42000,10.24000,10.35000,172700
3402,2012-11-06,10.31000,10.42000,10.24000,10.35000,172700
3403,2012-11-05,10.44000,10.44000,10.29000,10.31000,95500
3404,2012-11-05,10.44000,10.44000,10.29000,10.31000,95500
3405,2012-11-02,10.44000,10.46000,10.34000,10.40000,129700
3406,2012-11-01,10.38000,10.45000,10.33000,10.45000,256300
3407,2012-10-31,10.35000,10.39000,10.30000,10.33000,198100
3408,2012-10-26,10.32000,10.38000,10.30000,10.33000,147600
3409,2012-10-25,10.23000,10.30000,10.21000,10.24000,203200
3410,2012-10-24,10.34000,10.34000,10.27000,10.28000,123200
3411,2012-10-23,10.24000,10.30000,10.22000,10.28000,119700
3412,2012-10-22,10.25000,10.30000,10.22000,10.26000,136600
3413,2012-10-19,10.21000,10.24000,10.18000,10.24000,96700
3414,2012-10-18,10.22000,10.22000,10.11000,10.15000,133400
3415,2012-10-17,10.27000,10.27000,10.13000,10.16000,146400
3416,2012-10-16,10.25000,10.31000,10.10000,10.14000,308900
3417,2012-10-15,10.32000,10.38000,10.27000,10.32000,148600
3418,2012-10-12,10.37000,10.37000,10.31000,10.34000,115600
3419,2012-10-11,10.31000,10.37000,10.25000,10.33000,174000
3420,2012-10-10,10.24000,10.28000,10.20000,10.26000,104700
3421,2012-10-09,10.30000,10.31000,10.22000,10.26000,143700
3422,2012-10-08,10.21000,10.28000,10.20000,10.27000,105200
3423,2012-10-05,10.22000,10.28000,10.22000,10.22000,86400
3424,2012-10-04,10.24000,10.27000,10.18000,10.27000,173300
3425,2012-10-03,10.13000,10.25000,10.13000,10.24000,202900
3426,2012-10-02,10.20000,10.22000,10.15000,10.15000,99500
3427,2012-10-01,10.13000,10.24000,10.13000,10.24000,138000
3428,2012-09-28,10.15000,10.23000,10.09000,10.12000,282200
3429,2012-09-27,10.15000,10.17000,10.12000,10.12000,147100
3430,2012-09-26,10.11000,10.19000,10.11000,10.16000,228700
3431,2012-09-25,10.16000,10.17000,10.13000,10.13000,260800
3432,2012-09-24,10.09000,10.17000,10.05000,10.17000,151200
3433,2012-09-21,10.12000,10.13000,10.05000,10.07000,115100
3434,2012-09-20,10.15000,10.15000,10.03000,10.09000,178000
3435,2012-09-19,10.09000,10.17000,10.02000,10.17000,181200
3436,2012-09-18,10.03000,10.09000,10.00000,10.04000,152800
3437,2012-09-17,10.10000,10.17000,10.03000,10.12000,161000
3438,2012-09-14,10.09000,10.10000,10.05000,10.05000,137200
3439,2012-09-13,10.04000,10.09000,10.02000,10.06000,156900
3440,2012-09-12,10.09000,10.09000,10.04000,10.08000,130000
3441,2012-09-11,10.06000,10.06000,10.00000,10.06000,116000
3442,2012-09-10,9.93000,10.05000,9.93000,10.01000,128300
3443,2012-09-07,9.95000,9.98000,9.92000,9.98000,136400
3444,2012-09-06,9.94000,9.97000,9.92000,9.95000,131000
3445,2012-09-05,9.97000,10.00000,9.92000,9.95000,156000
3446,2012-09-04,9.96000,10.01000,9.96000,10.00000,126300
3447,2012-08-31,10.01000,10.01000,9.94000,9.97000,109200
3448,2012-08-30,10.01000,10.01000,9.90000,9.99000,207600
3449,2012-08-29,9.98000,10.05000,9.98000,10.01000,133500
3450,2012-08-28,9.92000,10.03000,9.92000,10.00000,213500
3451,2012-08-27,9.90000,9.99000,9.89000,9.96000,183900
3452,2012-08-24,9.92000,9.93000,9.88000,9.90000,143200
3453,2012-08-23,9.88000,9.91000,9.87000,9.91000,155200
3454,2012-08-22,9.87000,9.89000,9.85000,9.89000,79800
3455,2012-08-21,9.89000,9.90000,9.81000,9.85000,80400
3456,2012-08-20,9.91000,9.91000,9.86000,9.89000,119600
3457,2012-08-17,9.90000,9.92000,9.87000,9.89000,70400
3458,2012-08-16,9.89000,9.91000,9.87000,9.91000,105600
3459,2012-08-15,9.90000,9.91000,9.85000,9.90000,196600
3460,2012-08-14,9.91000,9.94000,9.86000,9.94000,200800
3461,2012-08-13,9.97000,9.97000,9.85000,9.94000,167000
3462,2012-08-10,9.96000,9.97000,9.89000,9.95000,109600
3463,2012-08-09,10.00000,10.00000,9.95000,10.00000,116300
3464,2012-08-08,9.94000,9.98000,9.93000,9.97000,85900
3465,2012-08-07,9.94000,10.00000,9.91000,9.98000,148000
3466,2012-08-06,9.90000,9.98000,9.90000,9.95000,96000
3467,2012-08-03,9.96000,9.96000,9.91000,9.94000,75900
3468,2012-08-02,9.96000,9.97000,9.91000,9.96000,136400
3469,2012-08-01,9.96000,9.97000,9.93000,9.96000,95500
3470,2012-07-31,9.95000,9.96000,9.94000,9.96000,114500
3471,2012-07-30,9.96000,9.96000,9.91000,9.95000,127200
3472,2012-07-27,9.96000,9.96000,9.91000,9.95000,90900
3473,2012-07-26,9.89000,9.96000,9.88000,9.96000,113200
3474,2012-07-25,9.92000,9.93000,9.87000,9.93000,106900
3475,2012-07-24,9.87000,9.91000,9.86000,9.91000,65300
3476,2012-07-23,9.78000,9.89000,9.78000,9.88000,98700
3477,2012-07-20,9.80000,9.85000,9.79000,9.84000,86500
3478,2012-07-19,9.84000,9.84000,9.80000,9.82000,113500
3479,2012-07-18,9.84000,9.89000,9.83000,9.85000,107400
3480,2012-07-17,9.82000,9.84000,9.80000,9.83000,87200
3481,2012-07-16,9.80000,9.87000,9.80000,9.85000,125500
3482,2012-07-13,9.84000,9.85000,9.81000,9.84000,92500
3483,2012-07-12,9.81000,9.82000,9.78000,9.79000,71100
3484,2012-07-11,9.85000,9.86000,9.82000,9.82000,93800
3485,2012-07-10,9.83000,9.86000,9.81000,9.84000,69400
3486,2012-07-09,9.77000,9.81000,9.77000,9.80000,103900
3487,2012-07-06,9.75000,9.82000,9.75000,9.76000,77000
3488,2012-07-05,9.83000,9.84000,9.76000,9.82000,222000
3489,2012-07-03,9.84000,9.87000,9.79000,9.80000,99700
3490,2012-07-02,9.83000,9.85000,9.79000,9.84000,101200
3491,2012-06-29,9.88000,9.89000,9.81000,9.81000,128600
3492,2012-06-28,9.83000,9.83000,9.76000,9.82000,189300
3493,2012-06-27,9.63000,9.85000,9.61000,9.84000,351000
3494,2012-06-26,9.54000,9.63000,9.51000,9.61000,191800
3495,2012-06-25,9.47000,9.57000,9.46000,9.57000,119200
3496,2012-06-22,9.52000,9.55000,9.49000,9.51000,121500
3497,2012-06-21,9.55000,9.58000,9.48000,9.53000,135000
3498,2012-06-20,9.55000,9.57000,9.48000,9.55000,132100
3499,2012-06-19,9.53000,9.56000,9.51000,9.54000,176000
3500,2012-06-18,9.53000,9.54000,9.48000,9.52000,118700
3501,2012-06-15,9.46000,9.56000,9.46000,9.53000,90700
3502,2012-06-14,9.53000,9.54000,9.49000,9.49000,80900
3503,2012-06-13,9.49000,9.58000,9.46000,9.49000,150200
3504,2012-06-12,9.53000,9.54000,9.45000,9.54000,86200
3505,2012-06-11,9.58000,9.58000,9.48000,9.52000,101200
3506,2012-06-08,9.36000,9.56000,9.35000,9.56000,125400
3507,2012-06-07,9.48000,9.50000,9.38000,9.40000,143100
3508,2012-06-06,9.37000,9.49000,9.35000,9.44000,118200
3509,2012-06-05,9.39000,9.41000,9.29000,9.34000,138800
3510,2012-06-04,9.49000,9.54000,9.36000,9.44000,150400
3511,2012-06-01,9.45000,9.53000,9.43000,9.49000,174400
3512,2012-05-31,9.59000,9.59000,9.50000,9.54000,104500
3513,2012-05-30,9.54000,9.60000,9.47000,9.55000,147500
3514,2012-05-29,9.60000,9.60000,9.54000,9.59000,105100
3515,2012-05-25,9.57000,9.57000,9.50000,9.54000,149400
3516,2012-05-24,9.60000,9.60000,9.50000,9.55000,134500
3517,2012-05-23,9.48000,9.54000,9.44000,9.54000,132000
3518,2012-05-22,9.51000,9.53000,9.41000,9.44000,89000
3519,2012-05-21,9.37000,9.47000,9.33000,9.45000,71500
3520,2012-05-18,9.49000,9.49000,9.30000,9.31000,86200
3521,2012-05-17,9.56000,9.56000,9.38000,9.39000,89100
3522,2012-05-16,9.55000,9.58000,9.52000,9.54000,125500
3523,2012-05-15,9.50000,9.55000,9.49000,9.52000,215000
3524,2012-05-14,9.59000,9.61000,9.55000,9.58000,125400
3525,2012-05-11,9.59000,9.64000,9.57000,9.63000,90000
3526,2012-05-10,9.64000,9.64000,9.55000,9.59000,135000
3527,2012-05-09,9.61000,9.63000,9.58000,9.61000,60000
3528,2012-05-08,9.61000,9.62000,9.57000,9.62000,92400
3529,2012-05-07,9.62000,9.62000,9.54000,9.61000,84000
3530,2012-05-04,9.54000,9.57000,9.50000,9.56000,124500
3531,2012-05-03,9.59000,9.59000,9.51000,9.57000,111100
3532,2012-05-02,9.56000,9.60000,9.55000,9.59000,101000
3533,2012-05-01,9.56000,9.62000,9.54000,9.59000,102000
3534,2012-04-30,9.58000,9.59000,9.52000,9.53000,110000
3535,2012-04-27,9.56000,9.58000,9.51000,9.53000,206300
3536,2012-04-26,9.55000,9.57000,9.54000,9.57000,130100
3537,2012-04-25,9.57000,9.60000,9.52000,9.55000,148800
3538,2012-04-24,9.57000,9.59000,9.54000,9.59000,115400
3539,2012-04-23,9.52000,9.61000,9.52000,9.59000,123500
3540,2012-04-20,9.58000,9.59000,9.50000,9.55000,96400
3541,2012-04-19,9.55000,9.57000,9.50000,9.55000,78800
3542,2012-04-18,9.54000,9.56000,9.51000,9.56000,85100
3543,2012-04-17,9.50000,9.54000,9.45000,9.53000,120800
3544,2012-04-16,9.51000,9.56000,9.51000,9.54000,112800
3545,2012-04-13,9.53000,9.53000,9.47000,9.51000,88800
3546,2012-04-12,9.50000,9.52000,9.46000,9.52000,72400
3547,2012-04-11,9.40000,9.52000,9.39000,9.46000,103500
3548,2012-04-10,9.44000,9.47000,9.35000,9.40000,108500
3549,2012-04-09,9.35000,9.52000,9.34000,9.46000,79600
3550,2012-04-05,9.59000,9.59000,9.41000,9.51000,100600
3551,2012-04-04,9.54000,9.58000,9.47000,9.55000,109300
3552,2012-04-03,9.64000,9.64000,9.56000,9.61000,96200
3553,2012-04-02,9.53000,9.65000,9.53000,9.65000,107100
3554,2012-03-30,9.60000,9.60000,9.52000,9.57000,116400
3555,2012-03-29,9.54000,9.58000,9.53000,9.55000,74500
3556,2012-03-28,9.54000,9.59000,9.49000,9.59000,88100
3557,2012-03-27,9.48000,9.55000,9.47000,9.51000,159300
3558,2012-03-26,9.60000,9.60000,9.48000,9.51000,193300
3559,2012-03-23,9.55000,9.62000,9.54000,9.62000,118800
3560,2012-03-22,9.59000,9.64000,9.52000,9.58000,151300
3561,2012-03-21,9.43000,9.59000,9.41000,9.59000,142600
3562,2012-03-20,9.47000,9.47000,9.41000,9.44000,109300
3563,2012-03-19,9.43000,9.47000,9.35000,9.45000,115100
3564,2012-03-16,9.58000,9.58000,9.44000,9.47000,92500
3565,2012-03-15,9.58000,9.58000,9.51000,9.53000,84100
3566,2012-03-14,9.57000,9.61000,9.48000,9.54000,274500
3567,2012-03-13,9.73000,9.73000,9.65000,9.70000,132400
3568,2012-03-12,9.75000,9.78000,9.67000,9.73000,162800
3569,2012-03-09,9.73000,9.73000,9.64000,9.66000,76100
3570,2012-03-08,9.62000,9.70000,9.59000,9.70000,111300
3571,2012-03-07,9.59000,9.62000,9.53000,9.61000,161400
3572,2012-03-06,9.64000,9.64000,9.53000,9.57000,212000
3573,2012-03-05,9.65000,9.68000,9.60000,9.68000,207500
3574,2012-03-02,9.70000,9.70000,9.63000,9.63000,140600
3575,2012-03-01,9.67000,9.72000,9.67000,9.72000,178000
3576,2012-02-29,9.72000,9.76000,9.67000,9.67000,139300
3577,2012-02-28,9.69000,9.70000,9.66000,9.70000,97200
3578,2012-02-27,9.69000,9.70000,9.66000,9.70000,88600
3579,2012-02-24,9.71000,9.72000,9.65000,9.68000,156700
3580,2012-02-23,9.68000,9.69000,9.66000,9.67000,73200
3581,2012-02-22,9.68000,9.71000,9.65000,9.65000,120200
3582,2012-02-21,9.70000,9.72000,9.63000,9.70000,104500
3583,2012-02-17,9.64000,9.70000,9.64000,9.70000,106300
3584,2012-02-16,9.63000,9.68000,9.60000,9.68000,124000
3585,2012-02-15,9.58000,9.65000,9.58000,9.64000,91900
3586,2012-02-14,9.54000,9.62000,9.54000,9.61000,109200
3587,2012-02-13,9.63000,9.64000,9.58000,9.58000,85100
3588,2012-02-10,9.60000,9.66000,9.59000,9.64000,129000
3589,2012-02-09,9.60000,9.68000,9.60000,9.62000,113100
3590,2012-02-08,9.58000,9.63000,9.57000,9.63000,121700
3591,2012-02-07,9.52000,9.63000,9.48000,9.63000,153400
3592,2012-02-06,9.49000,9.53000,9.49000,9.53000,189500
3593,2012-02-03,9.52000,9.54000,9.49000,9.52000,169900
3594,2012-02-02,9.52000,9.55000,9.49000,9.53000,151500
3595,2012-02-01,9.50000,9.57000,9.50000,9.51000,167700
3596,2012-01-31,9.59000,9.60000,9.49000,9.51000,133800
3597,2012-01-30,9.55000,9.60000,9.52000,9.57000,111500
3598,2012-01-27,9.55000,9.55000,9.52000,9.55000,76200
3599,2012-01-26,9.50000,9.56000,9.49000,9.56000,87400
3600,2012-01-25,9.39000,9.55000,9.39000,9.55000,113200
3601,2012-01-24,9.38000,9.45000,9.34000,9.44000,119700
3602,2012-01-23,9.41000,9.43000,9.33000,9.34000,121600
3603,2012-01-20,9.41000,9.42000,9.36000,9.41000,92700
3604,2012-01-19,9.32000,9.41000,9.32000,9.38000,93100
3605,2012-01-18,9.29000,9.33000,9.25000,9.33000,97300
3606,2012-01-17,9.32000,9.35000,9.28000,9.29000,102000
3607,2012-01-13,9.29000,9.39000,9.29000,9.35000,92600
3608,2012-01-12,9.26000,9.32000,9.26000,9.30000,106300
3609,2012-01-11,9.28000,9.32000,9.25000,9.29000,163200
3610,2012-01-10,9.29000,9.29000,9.24000,9.25000,72900
3611,2012-01-09,9.32000,9.32000,9.26000,9.29000,70300
3612,2012-01-06,9.27000,9.30000,9.25000,9.29000,95600
3613,2012-01-05,9.22000,9.30000,9.20000,9.25000,178900
3614,2012-01-04,9.20000,9.20000,9.16000,9.20000,98000
3615,2012-01-03,9.16000,9.21000,9.13000,9.16000,129800
3616,2011-12-30,9.21000,9.21000,9.15000,9.15000,137300
3617,2011-12-29,9.15000,9.18000,9.14000,9.16000,72100
3618,2011-12-28,9.23000,9.23000,9.15000,9.17000,88900
3619,2011-12-27,9.13000,9.21000,9.13000,9.21000,79600
3620,2011-12-23,9.17000,9.17000,9.15000,9.15000,87000
3621,2011-12-22,9.14000,9.17000,9.08000,9.13000,146300
3622,2011-12-21,9.12000,9.13000,9.08000,9.12000,106400
3623,2011-12-20,9.04000,9.14000,9.01000,9.14000,113000
3624,2011-12-19,9.10000,9.10000,8.97000,8.97000,140300
3625,2011-12-16,9.04000,9.12000,9.04000,9.06000,103400
3626,2011-12-15,9.03000,9.08000,9.01000,9.08000,89500
3627,2011-12-14,9.01000,9.05000,8.94000,9.02000,136700
3628,2011-12-13,9.03000,9.07000,8.99000,9.05000,85900
3629,2011-12-12,9.01000,9.09000,9.01000,9.06000,102600
3630,2011-12-09,9.03000,9.16000,9.03000,9.15000,91600
3631,2011-12-08,8.99000,9.08000,8.99000,9.08000,74700
3632,2011-12-07,9.04000,9.07000,9.01000,9.01000,69300
3633,2011-12-06,9.05000,9.07000,9.02000,9.06000,94400
3634,2011-12-05,9.02000,9.08000,9.01000,9.06000,98200
3635,2011-12-02,8.99000,9.04000,8.97000,9.04000,105600
3636,2011-12-01,8.88000,8.99000,8.88000,8.99000,95100
3637,2011-11-30,8.96000,8.96000,8.85000,8.93000,245500
3638,2011-11-29,8.81000,8.87000,8.78000,8.83000,153700
3639,2011-11-28,8.88000,8.90000,8.74000,8.78000,149300
3640,2011-11-25,8.80000,8.86000,8.76000,8.76000,60600
3641,2011-11-23,8.80000,8.83000,8.73000,8.76000,110600
3642,2011-11-22,8.77000,8.84000,8.72000,8.82000,191700
3643,2011-11-21,8.77000,8.78000,8.69000,8.72000,98900
3644,2011-11-18,8.86000,8.88000,8.77000,8.77000,95700
3645,2011-11-17,8.89000,8.92000,8.78000,8.86000,127600
3646,2011-11-16,8.79000,8.88000,8.79000,8.83000,100300
3647,2011-11-15,8.80000,8.84000,8.78000,8.84000,107600
3648,2011-11-14,8.91000,8.91000,8.78000,8.83000,89800
3649,2011-11-11,9.04000,9.05000,8.84000,8.92000,316900
3650,2011-11-10,8.97000,9.03000,8.94000,9.00000,110000
3651,2011-11-09,8.92000,9.05000,8.92000,8.96000,128900
3652,2011-11-08,9.04000,9.07000,9.03000,9.05000,94300
3653,2011-11-07,9.05000,9.07000,9.01000,9.04000,88000
3654,2011-11-04,9.06000,9.08000,9.00000,9.01000,67400
3655,2011-11-03,9.09000,9.09000,9.04000,9.06000,79400
3656,2011-11-02,9.10000,9.10000,9.02000,9.04000,68400
3657,2011-11-01,8.84000,9.09000,8.84000,9.04000,155400
3658,2011-10-31,9.13000,9.13000,9.03000,9.04000,95800
3659,2011-10-28,8.99000,9.31000,8.99000,9.08000,143200
3660,2011-10-27,9.05000,9.10000,8.98000,9.00000,126800
3661,2011-10-26,8.95000,8.97000,8.93000,8.97000,82000
3662,2011-10-25,8.92000,8.95000,8.87000,8.88000,97000
3663,2011-10-24,8.96000,8.96000,8.89000,8.95000,86100
3664,2011-10-21,8.83000,8.91000,8.79000,8.91000,96100
3665,2011-10-20,8.84000,8.84000,8.72000,8.81000,85400
3666,2011-10-19,8.78000,8.82000,8.74000,8.82000,80300
3667,2011-10-18,8.70000,8.78000,8.66000,8.78000,67200
3668,2011-10-17,8.71000,8.73000,8.63000,8.73000,123400
3669,2011-10-14,8.73000,8.73000,8.61000,8.72000,171900
3670,2011-10-13,8.65000,8.67000,8.59000,8.65000,72800
3671,2011-10-12,8.64000,8.66000,8.60000,8.63000,113300
3672,2011-10-11,8.63000,8.68000,8.60000,8.63000,101800
3673,2011-10-10,8.52000,8.72000,8.49000,8.72000,128100
3674,2011-10-07,8.53000,8.54000,8.40000,8.45000,120200
3675,2011-10-06,8.35000,8.47000,8.29000,8.46000,160000
3676,2011-10-05,8.34000,8.34000,8.27000,8.30000,158700
3677,2011-10-04,8.38000,8.40000,8.25000,8.29000,218300
3678,2011-10-03,8.41000,8.54000,8.41000,8.45000,170200
3679,2011-09-30,8.78000,8.78000,8.49000,8.53000,178900
3680,2011-09-29,8.85000,8.87000,8.70000,8.77000,92000
3681,2011-09-28,8.88000,8.88000,8.78000,8.81000,61900
3682,2011-09-27,8.83000,8.88000,8.79000,8.87000,104400
3683,2011-09-26,8.76000,8.82000,8.66000,8.78000,101700
3684,2011-09-23,8.88000,8.88000,8.73000,8.74000,110600
3685,2011-09-22,8.87000,8.90000,8.80000,8.83000,151100
3686,2011-09-21,9.00000,9.01000,8.88000,8.94000,105400
3687,2011-09-20,8.98000,8.99000,8.90000,8.96000,83500
3688,2011-09-19,8.88000,8.95000,8.85000,8.95000,95700
3689,2011-09-16,8.93000,8.93000,8.83000,8.91000,175700
3690,2011-09-15,8.82000,8.88000,8.82000,8.88000,72000
3691,2011-09-14,8.92000,8.92000,8.80000,8.87000,85600
3692,2011-09-13,8.87000,8.87000,8.76000,8.87000,141000
3693,2011-09-12,8.86000,8.86000,8.79000,8.85000,83100
3694,2011-09-09,8.88000,8.96000,8.88000,8.93000,138200
3695,2011-09-08,8.95000,8.97000,8.91000,8.95000,91700
3696,2011-09-07,8.92000,8.98000,8.90000,8.94000,152800
3697,2011-09-06,9.11000,9.11000,8.90000,8.90000,181700
3698,2011-09-02,9.13000,9.16000,9.09000,9.14000,136000
3699,2011-09-01,9.16000,9.18000,9.12000,9.18000,148900
3700,2011-08-31,9.13000,9.19000,9.09000,9.12000,178800
3701,2011-08-30,9.06000,9.06000,9.01000,9.06000,57700
3702,2011-08-29,8.99000,9.06000,8.96000,9.06000,92500
3703,2011-08-26,8.91000,8.95000,8.83000,8.95000,109700
3704,2011-08-25,8.90000,8.95000,8.85000,8.90000,73000
3705,2011-08-24,8.91000,8.95000,8.84000,8.90000,67400
3706,2011-08-23,8.87000,8.93000,8.82000,8.93000,130200
3707,2011-08-22,8.89000,8.89000,8.76000,8.86000,122900
3708,2011-08-19,8.81000,8.89000,8.70000,8.83000,108300
3709,2011-08-18,8.86000,8.87000,8.76000,8.87000,125300
3710,2011-08-17,8.93000,8.97000,8.89000,8.94000,143800
3711,2011-08-16,8.91000,8.95000,8.85000,8.86000,96400
3712,2011-08-15,8.84000,8.95000,8.84000,8.91000,185700
3713,2011-08-12,8.90000,8.90000,8.80000,8.86000,94100
3714,2011-08-11,8.84000,8.84000,8.72000,8.83000,222300
3715,2011-08-10,8.79000,8.85000,8.70000,8.77000,151000
3716,2011-08-09,8.56000,8.89000,8.49000,8.88000,243700
3717,2011-08-08,8.78000,8.86000,8.65000,8.70000,215200
3718,2011-08-05,9.13000,9.13000,8.81000,9.05000,212200
3719,2011-08-04,9.22000,9.24000,9.05000,9.06000,181400
3720,2011-08-03,9.28000,9.29000,9.17000,9.25000,115300
3721,2011-08-02,9.32000,9.33000,9.24000,9.25000,89800
3722,2011-08-01,9.27000,9.35000,9.21000,9.34000,79600
3723,2011-07-29,9.18000,9.19000,8.90000,9.18000,293200
3724,2011-07-28,9.23000,9.23000,9.16000,9.21000,144600
3725,2011-07-27,9.39000,9.39000,9.22000,9.28000,161200
3726,2011-07-26,9.44000,9.44000,9.34000,9.40000,103800
3727,2011-07-25,9.43000,9.43000,9.39000,9.40000,104000
3728,2011-07-22,9.45000,9.49000,9.41000,9.43000,63400
3729,2011-07-21,9.53000,9.53000,9.44000,9.48000,77800
3730,2011-07-20,9.45000,9.48000,9.42000,9.48000,103100
3731,2011-07-19,9.43000,9.47000,9.40000,9.40000,81500
3732,2011-07-18,9.44000,9.50000,9.41000,9.41000,88300
3733,2011-07-15,9.44000,9.51000,9.44000,9.51000,167600
3734,2011-07-14,9.53000,9.53000,9.42000,9.46000,77200
3735,2011-07-13,9.39000,9.51000,9.38000,9.47000,124200
3736,2011-07-12,9.47000,9.47000,9.38000,9.41000,110600
3737,2011-07-11,9.47000,9.57000,9.46000,9.50000,131600
3738,2011-07-08,9.47000,9.52000,9.45000,9.45000,81900
3739,2011-07-07,9.57000,9.57000,9.46000,9.50000,109800
3740,2011-07-06,9.43000,9.56000,9.40000,9.53000,250900
3741,2011-07-05,9.45000,9.45000,9.38000,9.40000,82800
3742,2011-07-01,9.37000,9.47000,9.36000,9.45000,103400
3743,2011-06-30,9.44000,9.45000,9.36000,9.36000,106400
3744,2011-06-29,9.40000,9.41000,9.37000,9.40000,51200
3745,2011-06-28,9.38000,9.44000,9.35000,9.39000,83600
3746,2011-06-27,9.40000,9.40000,9.34000,9.39000,85800
3747,2011-06-24,9.40000,9.41000,9.32000,9.39000,116100
3748,2011-06-23,9.35000,9.39000,9.32000,9.38000,113800
3749,2011-06-22,9.35000,9.36000,9.32000,9.36000,104200
3750,2011-06-21,9.32000,9.34000,9.24000,9.31000,89100
3751,2011-06-20,9.20000,9.42000,9.16000,9.33000,257200
3752,2011-06-17,9.21000,9.22000,9.18000,9.19000,91300
3753,2011-06-16,9.15000,9.17000,9.11000,9.17000,82500
3754,2011-06-15,9.19000,9.19000,9.10000,9.12000,157400
3755,2011-06-14,9.18000,9.22000,9.15000,9.18000,96300
3756,2011-06-13,9.23000,9.26000,9.16000,9.20000,157300
3757,2011-06-10,9.23000,9.26000,9.22000,9.26000,102700
3758,2011-06-09,9.30000,9.30000,9.23000,9.26000,130400
3759,2011-06-08,9.31000,9.31000,9.25000,9.25000,147800
3760,2011-06-07,9.40000,9.40000,9.34000,9.36000,119400
3761,2011-06-06,9.50000,9.50000,9.33000,9.38000,160500
3762,2011-06-03,9.46000,9.49000,9.40000,9.49000,97100
3763,2011-06-02,9.40000,9.54000,9.39000,9.47000,294700
3764,2011-06-01,9.43000,9.45000,9.36000,9.44000,165100
3765,2011-05-31,9.40000,9.44000,9.35000,9.43000,151100
3766,2011-05-27,9.33000,9.40000,9.30000,9.35000,101100
3767,2011-05-26,9.33000,9.34000,9.27000,9.32000,115900
3768,2011-05-25,9.32000,9.38000,9.28000,9.29000,204100
3769,2011-05-24,9.31000,9.33000,9.29000,9.33000,102600
3770,2011-05-23,9.32000,9.32000,9.28000,9.31000,124400
3771,2011-05-20,9.30000,9.33000,9.28000,9.33000,113300
3772,2011-05-19,9.31000,9.33000,9.30000,9.33000,124200
3773,2011-05-18,9.30000,9.34000,9.29000,9.34000,138800
3774,2011-05-17,9.30000,9.35000,9.28000,9.32000,158000
3775,2011-05-16,9.31000,9.34000,9.28000,9.32000,138400
3776,2011-05-13,9.29000,9.33000,9.25000,9.30000,117700
3777,2011-05-12,9.27000,9.33000,9.26000,9.33000,106000
3778,2011-05-11,9.28000,9.30000,9.26000,9.30000,69100
3779,2011-05-10,9.30000,9.31000,9.25000,9.30000,51700
3780,2011-05-09,9.27000,9.33000,9.25000,9.32000,58000
3781,2011-05-06,9.22000,9.32000,9.22000,9.30000,110500
3782,2011-05-05,9.27000,9.29000,9.22000,9.23000,178500
3783,2011-05-04,9.28000,9.28000,9.24000,9.26000,93000
3784,2011-05-03,9.28000,9.32000,9.25000,9.30000,64000
3785,2011-05-02,9.26000,9.33000,9.25000,9.31000,129000
3786,2011-04-29,9.35000,9.35000,9.21000,9.26000,131000
3787,2011-04-28,9.26000,9.32000,9.26000,9.32000,121900
3788,2011-04-27,9.24000,9.29000,9.23000,9.29000,160100
3789,2011-04-26,9.18000,9.28000,9.18000,9.27000,118100
3790,2011-04-25,9.20000,9.24000,9.17000,9.19000,120600
3791,2011-04-21,9.16000,9.24000,9.15000,9.24000,101500
3792,2011-04-20,9.21000,9.23000,9.15000,9.16000,211800
3793,2011-04-19,9.16000,9.20000,9.15000,9.20000,87700
3794,2011-04-18,9.09000,9.16000,9.09000,9.16000,74100
3795,2011-04-15,9.14000,9.17000,9.11000,9.13000,108300
3796,2011-04-14,9.13000,9.18000,9.12000,9.18000,86700
3797,2011-04-13,9.10000,9.18000,9.09000,9.15000,164700
3798,2011-04-12,9.07000,9.12000,9.07000,9.12000,101800
3799,2011-04-11,9.13000,9.13000,9.07000,9.12000,198800
3800,2011-04-08,9.15000,9.19000,9.15000,9.15000,100600
3801,2011-04-07,9.13000,9.18000,9.13000,9.18000,93200
3802,2011-04-06,9.15000,9.18000,9.14000,9.15000,80800
3803,2011-04-05,9.14000,9.18000,9.14000,9.15000,92600
3804,2011-04-04,9.14000,9.18000,9.13000,9.16000,130800
3805,2011-04-01,9.14000,9.17000,9.13000,9.17000,132100
3806,2011-03-31,9.18000,9.18000,9.11000,9.14000,120000
3807,2011-03-30,9.10000,9.21000,9.08000,9.19000,216300
3808,2011-03-29,9.11000,9.15000,9.10000,9.11000,106700
3809,2011-03-28,9.13000,9.15000,9.08000,9.15000,96500
3810,2011-03-25,9.07000,9.13000,9.07000,9.11000,171700
3811,2011-03-24,9.12000,9.14000,9.06000,9.08000,262200
3812,2011-03-23,9.12000,9.18000,9.09000,9.18000,83600
3813,2011-03-22,9.09000,9.15000,9.08000,9.15000,119100
3814,2011-03-21,9.06000,9.12000,9.05000,9.12000,116600
3815,2011-03-18,9.07000,9.17000,8.97000,9.02000,460900
3816,2011-03-17,9.01000,9.09000,9.00000,9.09000,162000
3817,2011-03-16,9.02000,9.06000,9.00000,9.00000,151800
3818,2011-03-15,9.00000,9.10000,8.95000,9.04000,153400
3819,2011-03-14,9.08000,9.13000,9.08000,9.10000,106600
3820,2011-03-11,9.08000,9.16000,9.07000,9.13000,125600
3821,2011-03-10,9.11000,9.16000,9.10000,9.14000,151700
3822,2011-03-09,9.20000,9.20000,9.11000,9.11000,156700
3823,2011-03-08,9.28000,9.28000,9.20000,9.26000,103200
3824,2011-03-07,9.19000,9.24000,9.19000,9.23000,91400
3825,2011-03-04,9.22000,9.25000,9.20000,9.21000,96800
3826,2011-03-03,9.25000,9.29000,9.19000,9.29000,155600
3827,2011-03-02,9.25000,9.27000,9.21000,9.26000,144500
3828,2011-03-01,9.17000,9.32000,9.17000,9.26000,312000
3829,2011-02-28,9.20000,9.22000,9.14000,9.22000,196400
3830,2011-02-25,9.13000,9.18000,9.13000,9.14000,90300
3831,2011-02-24,9.11000,9.17000,9.10000,9.14000,84600
3832,2011-02-23,9.08000,9.16000,9.06000,9.13000,150100
3833,2011-02-22,9.09000,9.12000,9.06000,9.12000,173700
3834,2011-02-18,9.10000,9.14000,9.10000,9.11000,177100
3835,2011-02-17,9.08000,9.15000,9.07000,9.15000,126000
3836,2011-02-16,9.10000,9.13000,9.08000,9.08000,149600
3837,2011-02-15,9.19000,9.19000,9.08000,9.12000,170800
3838,2011-02-14,9.17000,9.22000,9.12000,9.20000,151900
3839,2011-02-11,9.09000,9.14000,9.08000,9.11000,132700
3840,2011-02-10,9.15000,9.18000,9.13000,9.13000,130100
3841,2011-02-09,9.19000,9.21000,9.12000,9.20000,126500
3842,2011-02-08,9.20000,9.24000,9.18000,9.22000,108800
3843,2011-02-07,9.17000,9.30000,9.17000,9.24000,187500
3844,2011-02-04,9.21000,9.30000,9.16000,9.21000,123700
3845,2011-02-03,9.26000,9.32000,9.24000,9.24000,87000
3846,2011-02-02,9.28000,9.34000,9.27000,9.28000,125600
3847,2011-02-01,9.25000,9.34000,9.24000,9.33000,118700
3848,2011-01-31,9.28000,9.28000,9.18000,9.26000,108100
3849,2011-01-28,9.20000,9.24000,9.17000,9.22000,67700
3850,2011-01-27,9.22000,9.28000,9.20000,9.23000,136600
3851,2011-01-26,9.31000,9.31000,9.23000,9.25000,89100
3852,2011-01-25,9.18000,9.32000,9.16000,9.27000,343700
3853,2011-01-24,9.15000,9.23000,9.10000,9.23000,186700
3854,2011-01-21,9.03000,9.17000,9.03000,9.17000,174500
3855,2011-01-20,9.10000,9.12000,9.03000,9.04000,139900
3856,2011-01-19,9.08000,9.14000,9.06000,9.06000,133400
3857,2011-01-18,9.06000,9.18000,9.06000,9.09000,416000
3858,2011-01-14,9.26000,9.26000,9.07000,9.09000,250000
3859,2011-01-13,9.23000,9.24000,9.17000,9.21000,199300
3860,2011-01-12,9.31000,9.31000,9.18000,9.21000,243000
3861,2011-01-11,9.28000,9.29000,9.22000,9.28000,109400
3862,2011-01-10,9.30000,9.33000,9.25000,9.33000,118900
3863,2011-01-07,9.32000,9.32000,9.27000,9.32000,97300
3864,2011-01-06,9.41000,9.44000,9.28000,9.29000,168400
3865,2011-01-05,9.35000,9.42000,9.31000,9.39000,124900
3866,2011-01-04,9.44000,9.44000,9.28000,9.38000,186200
3867,2011-01-03,9.46000,9.47000,9.36000,9.39000,178400
3868,2010-12-31,9.43000,9.44000,9.36000,9.42000,113300
3869,2010-12-30,9.25000,9.34000,9.25000,9.30000,101000
3870,2010-12-29,9.35000,9.35000,9.26000,9.30000,83100
3871,2010-12-28,9.28000,9.37000,9.27000,9.32000,96500
3872,2010-12-27,9.24000,9.34000,9.24000,9.28000,82200
3873,2010-12-23,9.31000,9.35000,9.25000,9.28000,85400
3874,2010-12-22,9.30000,9.33000,9.21000,9.26000,92600
3875,2010-12-21,9.28000,9.30000,9.24000,9.28000,160400
3876,2010-12-20,9.36000,9.37000,9.26000,9.27000,160700
3877,2010-12-17,9.17000,9.39000,9.17000,9.28000,194100
3878,2010-12-16,9.03000,9.30000,9.00000,9.27000,227300
3879,2010-12-15,8.91000,9.02000,8.91000,9.00000,202500
3880,2010-12-14,9.05000,9.05000,8.92000,8.98000,257800
3881,2010-12-13,9.15000,9.15000,8.91000,9.00000,328600
3882,2010-12-10,9.25000,9.28000,9.15000,9.21000,211800
3883,2010-12-09,9.26000,9.37000,9.17000,9.25000,178700
3884,2010-12-08,9.51000,9.51000,9.28000,9.29000,210600
3885,2010-12-07,9.55000,9.58000,9.38000,9.46000,178700
3886,2010-12-06,9.54000,9.58000,9.47000,9.50000,178500
3887,2010-12-03,9.60000,9.60000,9.44000,9.50000,145500
3888,2010-12-02,9.57000,9.59000,9.54000,9.54000,164100
3889,2010-12-01,9.54000,9.58000,9.51000,9.54000,125000
3890,2010-11-30,9.55000,9.58000,9.50000,9.51000,111300
3891,2010-11-29,9.59000,9.59000,9.51000,9.54000,129300
3892,2010-11-26,9.55000,9.62000,9.50000,9.55000,74500
3893,2010-11-24,9.54000,9.61000,9.52000,9.60000,146500
3894,2010-11-23,9.54000,9.56000,9.49000,9.54000,102300
3895,2010-11-22,9.50000,9.53000,9.45000,9.53000,126800
3896,2010-11-19,9.48000,9.48000,9.43000,9.47000,84000
3897,2010-11-18,9.40000,9.46000,9.35000,9.46000,146400
3898,2010-11-17,9.15000,9.37000,9.15000,9.35000,157800
3899,2010-11-16,9.30000,9.30000,8.98000,9.20000,290500
3900,2010-11-15,9.47000,9.52000,9.25000,9.26000,235600
3901,2010-11-12,9.53000,9.62000,9.50000,9.50000,169200
3902,2010-11-11,9.72000,9.72000,9.56000,9.60000,263100
3903,2010-11-10,9.74000,9.83000,9.66000,9.74000,233400
3904,2010-11-09,9.70000,9.74000,9.70000,9.74000,113900
3905,2010-11-08,9.71000,9.74000,9.70000,9.73000,148200
3906,2010-11-05,9.79000,9.79000,9.74000,9.76000,184500
3907,2010-11-04,9.79000,9.81000,9.74000,9.76000,212900
3908,2010-11-03,9.82000,9.82000,9.76000,9.78000,114700
3909,2010-11-02,9.83000,9.83000,9.76000,9.79000,131400
3910,2010-11-01,9.83000,9.85000,9.78000,9.79000,140000
3911,2010-10-29,9.93000,9.93000,9.77000,9.77000,144700
3912,2010-10-28,9.88000,9.91000,9.88000,9.88000,89600
3913,2010-10-27,9.85000,9.90000,9.85000,9.90000,157700
3914,2010-10-26,9.89000,9.90000,9.84000,9.88000,141600
3915,2010-10-25,9.88000,9.89000,9.85000,9.89000,110900
3916,2010-10-22,9.87000,9.88000,9.84000,9.88000,93500
3917,2010-10-21,9.83000,9.87000,9.82000,9.86000,100900
3918,2010-10-20,9.78000,9.83000,9.77000,9.83000,134800
3919,2010-10-19,9.72000,9.82000,9.72000,9.82000,180700
3920,2010-10-18,9.76000,9.78000,9.71000,9.71000,99900
3921,2010-10-15,9.79000,9.81000,9.74000,9.75000,120300
3922,2010-10-14,9.78000,9.82000,9.77000,9.81000,95200
3923,2010-10-13,9.78000,9.79000,9.76000,9.77000,161600
3924,2010-10-12,9.75000,9.77000,9.72000,9.77000,124500
3925,2010-10-11,9.74000,9.84000,9.74000,9.80000,103600
3926,2010-10-08,9.84000,9.85000,9.78000,9.78000,162100
3927,2010-10-07,9.78000,9.85000,9.77000,9.83000,74600
3928,2010-10-06,9.83000,9.86000,9.76000,9.76000,115200
3929,2010-10-05,9.89000,9.89000,9.76000,9.84000,107300
3930,2010-10-04,9.82000,9.91000,9.75000,9.85000,131600
3931,2010-10-01,9.75000,9.79000,9.75000,9.79000,83000
3932,2010-09-30,9.80000,9.80000,9.74000,9.78000,128500
3933,2010-09-29,9.64000,9.77000,9.64000,9.75000,145000
3934,2010-09-28,9.69000,9.74000,9.66000,9.73000,130600
3935,2010-09-27,9.66000,9.72000,9.64000,9.70000,130600
3936,2010-09-24,9.65000,9.67000,9.59000,9.67000,108900
3937,2010-09-23,9.57000,9.65000,9.57000,9.65000,88600
3938,2010-09-22,9.67000,9.67000,9.54000,9.59000,181200
3939,2010-09-21,9.71000,9.71000,9.63000,9.68000,119200
3940,2010-09-20,9.63000,9.68000,9.62000,9.68000,98400
3941,2010-09-17,9.63000,9.66000,9.62000,9.63000,89400
3942,2010-09-16,9.58000,9.64000,9.48000,9.64000,146600
3943,2010-09-15,9.65000,9.65000,9.60000,9.64000,75700
3944,2010-09-14,9.55000,9.66000,9.54000,9.65000,244400
3945,2010-09-13,9.69000,9.69000,9.60000,9.61000,134900
3946,2010-09-10,9.70000,9.70000,9.68000,9.68000,88000
3947,2010-09-09,9.69000,9.70000,9.67000,9.70000,95000
3948,2010-09-08,9.70000,9.70000,9.65000,9.70000,111300
3949,2010-09-07,9.67000,9.67000,9.62000,9.67000,129300
3950,2010-09-03,9.62000,9.67000,9.56000,9.67000,197000
3951,2010-09-02,9.66000,9.67000,9.60000,9.60000,229500
3952,2010-09-01,9.65000,9.67000,9.64000,9.66000,147300
3953,2010-08-31,9.68000,9.68000,9.59000,9.63000,130000
3954,2010-08-30,9.60000,9.66000,9.60000,9.62000,72900
3955,2010-08-27,9.64000,9.65000,9.63000,9.65000,103100
3956,2010-08-26,9.69000,9.69000,9.59000,9.65000,138500
3957,2010-08-25,9.72000,9.73000,9.63000,9.68000,166200
3958,2010-08-24,9.73000,9.73000,9.63000,9.68000,97500
3959,2010-08-23,9.58000,9.72000,9.58000,9.72000,149000
3960,2010-08-20,9.62000,9.64000,9.60000,9.61000,122200
3961,2010-08-19,9.62000,9.65000,9.58000,9.62000,107500
3962,2010-08-18,9.59000,9.64000,9.59000,9.62000,115600
3963,2010-08-17,9.65000,9.67000,9.60000,9.65000,125700
3964,2010-08-16,9.62000,9.63000,9.60000,9.63000,119100
3965,2010-08-13,9.62000,9.64000,9.59000,9.62000,93700
3966,2010-08-12,9.56000,9.61000,9.52000,9.61000,92200
3967,2010-08-11,9.63000,9.66000,9.59000,9.59000,158100
3968,2010-08-10,9.69000,9.70000,9.59000,9.63000,112200
3969,2010-08-09,9.75000,9.77000,9.70000,9.74000,113500
3970,2010-08-06,9.64000,9.76000,9.61000,9.71000,274400
3971,2010-08-05,9.59000,9.65000,9.55000,9.65000,129900
3972,2010-08-04,9.56000,9.61000,9.55000,9.61000,145800
3973,2010-08-03,9.54000,9.56000,9.51000,9.56000,137600
3974,2010-08-02,9.52000,9.55000,9.50000,9.54000,136200
3975,2010-07-30,9.44000,9.52000,9.42000,9.51000,160600
3976,2010-07-29,9.47000,9.48000,9.42000,9.45000,151700
3977,2010-07-28,9.46000,9.48000,9.44000,9.45000,129300
3978,2010-07-27,9.46000,9.48000,9.44000,9.48000,274900
3979,2010-07-26,9.45000,9.45000,9.41000,9.45000,118800
3980,2010-07-23,9.42000,9.45000,9.36000,9.43000,138700
3981,2010-07-22,9.39000,9.44000,9.36000,9.42000,114400
3982,2010-07-21,9.37000,9.42000,9.32000,9.39000,119800
3983,2010-07-20,9.28000,9.36000,9.28000,9.33000,108900
3984,2010-07-19,9.27000,9.36000,9.26000,9.30000,118900
3985,2010-07-16,9.24000,9.42000,9.19000,9.32000,154200
3986,2010-07-15,9.18000,9.26000,9.15000,9.21000,116800
3987,2010-07-14,9.26000,9.26000,9.18000,9.21000,103900
3988,2010-07-13,9.25000,9.29000,9.22000,9.23000,135400
3989,2010-07-12,9.30000,9.30000,9.22000,9.24000,74200
3990,2010-07-09,9.27000,9.35000,9.26000,9.35000,110600
3991,2010-07-08,9.24000,9.26000,9.18000,9.24000,112900
3992,2010-07-07,9.07000,9.24000,9.07000,9.21000,114700
3993,2010-07-06,9.18000,9.18000,9.05000,9.09000,118600
3994,2010-07-02,9.24000,9.24000,9.06000,9.10000,98000
3995,2010-07-01,9.20000,9.25000,9.11000,9.25000,120400
3996,2010-06-30,9.17000,9.24000,9.13000,9.17000,107000
3997,2010-06-29,9.18000,9.19000,9.11000,9.13000,96300
3998,2010-06-28,9.17000,9.24000,9.13000,9.24000,123900
3999,2010-06-25,9.13000,9.17000,9.09000,9.17000,94700
4000,2010-06-24,9.13000,9.13000,9.06000,9.08000,126100
4001,2010-06-23,9.05000,9.14000,9.03000,9.14000,104200
4002,2010-06-22,9.07000,9.07000,8.97000,9.03000,111300
4003,2010-06-21,9.02000,9.08000,8.99000,9.01000,103800
4004,2010-06-18,9.09000,9.11000,9.00000,9.00000,116500
4005,2010-06-17,9.10000,9.12000,9.03000,9.07000,84600
4006,2010-06-16,9.09000,9.11000,9.05000,9.05000,85100
4007,2010-06-15,9.08000,9.12000,9.03000,9.07000,121000
4008,2010-06-14,9.01000,9.06000,9.01000,9.05000,75600
4009,2010-06-11,8.99000,9.05000,8.95000,8.97000,93900
4010,2010-06-10,9.05000,9.05000,8.95000,8.98000,96000
4011,2010-06-09,9.06000,9.06000,8.97000,9.00000,77900
4012,2010-06-08,9.12000,9.13000,8.96000,9.01000,98900
4013,2010-06-07,9.08000,9.17000,9.07000,9.15000,126600
4014,2010-06-04,9.05000,9.09000,9.02000,9.07000,102000
4015,2010-06-03,9.08000,9.08000,8.98000,9.07000,85100
4016,2010-06-02,9.08000,9.08000,9.01000,9.07000,95800
4017,2010-06-01,8.84000,9.07000,8.84000,9.05000,137000
4018,2010-05-28,9.04000,9.05000,8.90000,8.93000,125900
4019,2010-05-27,8.97000,8.99000,8.85000,8.97000,90600
4020,2010-05-26,8.93000,9.00000,8.80000,8.81000,127100
4021,2010-05-25,8.70000,8.84000,8.58000,8.84000,197700
4022,2010-05-24,8.79000,8.92000,8.79000,8.81000,233000
4023,2010-05-21,8.68000,8.79000,8.29000,8.78000,580200
4024,2010-05-20,8.78000,8.87000,8.77000,8.81000,297500
4025,2010-05-19,9.20000,9.21000,8.76000,8.92000,270000
4026,2010-05-18,9.25000,9.29000,9.17000,9.19000,101600
4027,2010-05-17,9.23000,9.25000,9.17000,9.25000,69500
4028,2010-05-14,9.31000,9.31000,9.18000,9.29000,78300
4029,2010-05-13,9.32000,9.33000,9.24000,9.32000,95300
4030,2010-05-12,9.28000,9.30000,9.26000,9.27000,108400
4031,2010-05-11,9.01000,9.29000,9.01000,9.25000,176900
4032,2010-05-10,9.20000,9.25000,9.13000,9.15000,154100
4033,2010-05-07,9.02000,9.15000,8.84000,9.04000,181100
4034,2010-05-06,9.30000,9.30000,8.72000,8.97000,271800
4035,2010-05-05,9.41000,9.44000,9.19000,9.29000,171900
4036,2010-05-04,9.43000,9.49000,9.38000,9.42000,115000
4037,2010-05-03,9.45000,9.49000,9.42000,9.49000,107300
4038,2010-04-30,9.41000,9.43000,9.36000,9.43000,117900
4039,2010-04-29,9.49000,9.59000,9.37000,9.39000,277000
4040,2010-04-28,9.49000,9.50000,9.45000,9.49000,123400
4041,2010-04-27,9.51000,9.51000,9.47000,9.47000,177300
4042,2010-04-26,9.48000,9.49000,9.46000,9.49000,149200
4043,2010-04-23,9.43000,9.43000,9.39000,9.40000,123700
4044,2010-04-22,9.41000,9.42000,9.35000,9.40000,96100
4045,2010-04-21,9.45000,9.46000,9.38000,9.38000,160500
4046,2010-04-20,9.45000,9.45000,9.40000,9.44000,154400
4047,2010-04-19,9.39000,9.42000,9.37000,9.42000,139100
4048,2010-04-16,9.39000,9.45000,9.34000,9.38000,124000
4049,2010-04-15,9.37000,9.39000,9.35000,9.39000,111300
4050,2010-04-14,9.40000,9.46000,9.34000,9.34000,382900
4051,2010-04-13,9.38000,9.39000,9.36000,9.38000,116800
4052,2010-04-12,9.40000,9.40000,9.34000,9.38000,99400
4053,2010-04-09,9.43000,9.43000,9.38000,9.42000,128600
4054,2010-04-08,9.41000,9.41000,9.36000,9.41000,117600
4055,2010-04-07,9.42000,9.42000,9.34000,9.38000,101200
4056,2010-04-06,9.42000,9.45000,9.37000,9.42000,108700
4057,2010-04-05,9.45000,9.47000,9.41000,9.42000,77000
4058,2010-04-01,9.46000,9.46000,9.38000,9.44000,133400
4059,2010-03-31,9.44000,9.47000,9.37000,9.40000,139900
4060,2010-03-30,9.42000,9.42000,9.38000,9.40000,89200
4061,2010-03-29,9.42000,9.44000,9.35000,9.39000,126300
4062,2010-03-26,9.40000,9.40000,9.30000,9.40000,144500
4063,2010-03-25,9.39000,9.39000,9.32000,9.39000,155900
4064,2010-03-24,9.34000,9.36000,9.30000,9.36000,176000
4065,2010-03-23,9.33000,9.33000,9.29000,9.29000,138800
4066,2010-03-22,9.33000,9.33000,9.28000,9.30000,118500
4067,2010-03-19,9.32000,9.34000,9.31000,9.32000,93700
4068,2010-03-18,9.37000,9.38000,9.30000,9.32000,111100
4069,2010-03-17,9.35000,9.37000,9.33000,9.34000,124900
4070,2010-03-16,9.35000,9.36000,9.32000,9.36000,123900
4071,2010-03-15,9.35000,9.35000,9.31000,9.32000,121800
4072,2010-03-12,9.32000,9.34000,9.29000,9.34000,273000
4073,2010-03-11,9.23000,9.28000,9.23000,9.27000,122400
4074,2010-03-10,9.25000,9.27000,9.24000,9.27000,86500
4075,2010-03-09,9.24000,9.26000,9.21000,9.26000,128500
4076,2010-03-08,9.25000,9.28000,9.25000,9.27000,155900
4077,2010-03-05,9.26000,9.26000,9.22000,9.26000,112000
4078,2010-03-04,9.25000,9.25000,9.19000,9.20000,118000
4079,2010-03-03,9.22000,9.25000,9.18000,9.24000,148900
4080,2010-03-02,9.17000,9.21000,9.15000,9.17000,221800
4081,2010-03-01,9.15000,9.16000,9.13000,9.13000,134900
4082,2010-02-26,9.16000,9.16000,9.09000,9.13000,157000
4083,2010-02-25,9.10000,9.12000,9.05000,9.12000,158500
4084,2010-02-24,9.10000,9.11000,9.02000,9.05000,221000
4085,2010-02-23,9.07000,9.10000,9.03000,9.10000,164300
4086,2010-02-22,9.09000,9.10000,9.01000,9.01000,200900
4087,2010-02-19,9.04000,9.09000,9.02000,9.05000,144100
4088,2010-02-18,9.10000,9.10000,9.01000,9.04000,242200
4089,2010-02-17,9.07000,9.10000,9.03000,9.05000,143100
4090,2010-02-16,9.10000,9.10000,9.06000,9.08000,133000
4091,2010-02-12,9.11000,9.12000,9.05000,9.07000,108700
4092,2010-02-11,9.13000,9.14000,9.06000,9.09000,86300
4093,2010-02-10,9.13000,9.14000,9.08000,9.10000,166300
4094,2010-02-09,8.98000,9.11000,8.92000,9.09000,335500
4095,2010-02-08,8.88000,8.99000,8.88000,8.97000,238800
4096,2010-02-05,9.13000,9.13000,8.77000,8.90000,412300
4097,2010-02-04,9.30000,9.30000,9.13000,9.14000,145400
4098,2010-02-03,9.31000,9.32000,9.26000,9.27000,124800
4099,2010-02-02,9.31000,9.33000,9.30000,9.32000,142800
4100,2010-02-01,9.30000,9.31000,9.24000,9.30000,119300
4101,2010-01-29,9.34000,9.34000,9.23000,9.25000,133300
4102,2010-01-28,9.25000,9.28000,9.23000,9.25000,115800
4103,2010-01-27,9.28000,9.30000,9.23000,9.27000,118100
4104,2010-01-26,9.28000,9.28000,9.24000,9.28000,151800
4105,2010-01-25,9.30000,9.30000,9.24000,9.28000,154700
4106,2010-01-22,9.20000,9.29000,9.18000,9.29000,158500
4107,2010-01-21,9.26000,9.31000,9.19000,9.20000,118900
4108,2010-01-20,9.33000,9.33000,9.25000,9.27000,114500
4109,2010-01-19,9.18000,9.32000,9.17000,9.31000,153100
4110,2010-01-15,9.19000,9.19000,9.10000,9.19000,186700
4111,2010-01-14,9.22000,9.22000,9.08000,9.17000,235500
4112,2010-01-13,9.22000,9.22000,9.18000,9.18000,118900
4113,2010-01-12,9.19000,9.20000,9.14000,9.18000,94200
4114,2010-01-11,9.18000,9.23000,9.16000,9.23000,121600
4115,2010-01-08,9.14000,9.18000,9.11000,9.18000,126100
4116,2010-01-07,9.13000,9.14000,9.09000,9.13000,90800
4117,2010-01-06,9.19000,9.19000,9.10000,9.12000,125600
4118,2010-01-05,9.20000,9.20000,9.09000,9.17000,128400
4119,2010-01-04,9.20000,9.20000,9.16000,9.19000,152600
4120,2009-12-31,9.23000,9.23000,9.13000,9.18000,75800
4121,2009-12-30,9.19000,9.20000,9.16000,9.20000,85700
4122,2009-12-29,9.18000,9.19000,9.15000,9.18000,78400
4123,2009-12-28,9.19000,9.20000,9.10000,9.19000,68200
4124,2009-12-24,9.18000,9.19000,9.14000,9.19000,62600
4125,2009-12-23,9.15000,9.15000,9.06000,9.12000,192600
4126,2009-12-22,9.12000,9.15000,9.09000,9.15000,128000
4127,2009-12-21,9.12000,9.14000,9.08000,9.13000,116300
4128,2009-12-18,9.13000,9.14000,9.06000,9.08000,138300
4129,2009-12-17,9.06000,9.14000,9.04000,9.14000,87400
4130,2009-12-16,9.01000,9.06000,8.96000,9.06000,127700
4131,2009-12-15,9.01000,9.04000,8.99000,9.00000,98400
4132,2009-12-14,9.02000,9.03000,8.97000,8.99000,106000
4133,2009-12-11,9.05000,9.05000,9.00000,9.03000,115200
4134,2009-12-10,9.09000,9.09000,9.01000,9.02000,137200
4135,2009-12-09,9.10000,9.10000,9.04000,9.08000,149700
4136,2009-12-08,9.08000,9.14000,9.07000,9.13000,191700
4137,2009-12-07,9.08000,9.09000,9.02000,9.09000,127800
4138,2009-12-04,9.07000,9.10000,9.03000,9.03000,172100
4139,2009-12-03,9.03000,9.07000,9.03000,9.07000,267200
4140,2009-12-02,9.05000,9.05000,9.00000,9.03000,112700
4141,2009-12-01,9.00000,9.05000,8.99000,9.04000,159700
4142,2009-11-30,9.01000,9.01000,8.95000,8.96000,105100
4143,2009-11-27,8.95000,8.99000,8.92000,8.99000,71100
4144,2009-11-25,8.97000,8.97000,8.89000,8.95000,108300
4145,2009-11-24,8.87000,8.91000,8.82000,8.91000,114500
4146,2009-11-23,8.80000,8.86000,8.78000,8.84000,83600
4147,2009-11-20,8.70000,8.78000,8.68000,8.78000,140500
4148,2009-11-19,8.78000,8.78000,8.62000,8.70000,192900
4149,2009-11-18,8.75000,8.80000,8.58000,8.76000,132600
4150,2009-11-17,8.84000,8.84000,8.75000,8.80000,105200
4151,2009-11-16,8.76000,8.85000,8.73000,8.81000,100400
4152,2009-11-13,8.75000,8.75000,8.66000,8.75000,105000
4153,2009-11-12,8.81000,8.81000,8.73000,8.73000,160200
4154,2009-11-11,8.73000,8.81000,8.73000,8.76000,147300
4155,2009-11-10,8.70000,8.73000,8.64000,8.73000,166500
4156,2009-11-09,8.73000,8.73000,8.64000,8.72000,183600
4157,2009-11-06,8.66000,8.74000,8.63000,8.70000,130800
4158,2009-11-05,8.73000,8.73000,8.61000,8.61000,111900
4159,2009-11-04,8.77000,8.77000,8.66000,8.67000,165000
4160,2009-11-03,8.71000,8.76000,8.69000,8.73000,58500
4161,2009-11-02,8.60000,8.75000,8.60000,8.74000,103000
4162,2009-10-30,8.83000,8.83000,8.57000,8.66000,245600
4163,2009-10-29,8.92000,8.92000,8.68000,8.71000,168600
4164,2009-10-28,8.89000,8.92000,8.77000,8.78000,148400
4165,2009-10-27,8.85000,8.89000,8.82000,8.86000,104800
4166,2009-10-26,8.90000,8.95000,8.79000,8.82000,149700
4167,2009-10-23,8.92000,8.97000,8.86000,8.86000,158100
4168,2009-10-22,8.94000,8.97000,8.88000,8.96000,137700
4169,2009-10-21,8.86000,8.94000,8.83000,8.90000,184800
4170,2009-10-20,8.80000,8.84000,8.75000,8.83000,130800
4171,2009-10-19,8.97000,8.97000,8.73000,8.78000,225000
4172,2009-10-16,8.82000,8.94000,8.81000,8.94000,104500
4173,2009-10-15,8.94000,8.94000,8.81000,8.90000,166900
4174,2009-10-14,8.91000,8.95000,8.85000,8.94000,234400
4175,2009-10-13,8.91000,8.91000,8.84000,8.86000,48800
4176,2009-10-12,8.91000,8.97000,8.86000,8.93000,98700
4177,2009-10-09,8.95000,8.96000,8.91000,8.95000,99400
4178,2009-10-08,8.97000,9.01000,8.90000,8.93000,139000
4179,2009-10-07,8.99000,9.00000,8.86000,8.88000,135500
4180,2009-10-06,8.97000,9.02000,8.88000,8.93000,145600
4181,2009-10-05,9.04000,9.04000,8.92000,8.95000,114900
4182,2009-10-02,8.99000,9.04000,8.94000,9.00000,125500
4183,2009-10-01,9.01000,9.04000,8.93000,8.97000,128100
4184,2009-09-30,9.05000,9.05000,8.96000,9.00000,133300
4185,2009-09-29,8.94000,9.01000,8.91000,9.01000,76900
4186,2009-09-28,8.99000,9.03000,8.87000,8.89000,153000
4187,2009-09-25,8.88000,8.93000,8.84000,8.93000,124400
4188,2009-09-24,8.90000,8.90000,8.83000,8.87000,95400
4189,2009-09-23,8.91000,8.94000,8.83000,8.84000,121100
4190,2009-09-22,8.90000,8.93000,8.84000,8.92000,163200
4191,2009-09-21,8.85000,8.90000,8.82000,8.90000,104200
4192,2009-09-18,8.81000,8.87000,8.75000,8.83000,149200
4193,2009-09-17,8.86000,8.89000,8.74000,8.75000,183100
4194,2009-09-16,8.77000,8.85000,8.77000,8.84000,88200
4195,2009-09-15,8.81000,8.81000,8.73000,8.77000,117400
4196,2009-09-14,8.76000,8.81000,8.72000,8.78000,204700
4197,2009-09-11,8.71000,8.75000,8.69000,8.74000,78500
4198,2009-09-10,8.70000,8.72000,8.65000,8.71000,86100
4199,2009-09-09,8.69000,8.73000,8.65000,8.71000,80500
4200,2009-09-08,8.70000,8.73000,8.65000,8.65000,86400
4201,2009-09-04,8.69000,8.69000,8.65000,8.68000,73200
4202,2009-09-03,8.70000,8.70000,8.63000,8.66000,110000
4203,2009-09-02,8.72000,8.72000,8.66000,8.68000,110200
4204,2009-09-01,8.66000,8.73000,8.62000,8.70000,150000
4205,2009-08-31,8.67000,8.77000,8.61000,8.65000,176400
4206,2009-08-28,8.66000,8.67000,8.59000,8.62000,95800
4207,2009-08-27,8.59000,8.65000,8.56000,8.64000,112800
4208,2009-08-26,8.57000,8.61000,8.54000,8.56000,95900
4209,2009-08-25,8.64000,8.64000,8.53000,8.56000,126200
4210,2009-08-24,8.62000,8.66000,8.58000,8.59000,157200
4211,2009-08-21,8.60000,8.66000,8.60000,8.63000,119700
4212,2009-08-20,8.63000,8.66000,8.59000,8.66000,106500
4213,2009-08-19,8.63000,8.65000,8.56000,8.63000,65100
4214,2009-08-18,8.66000,8.68000,8.63000,8.68000,206300
4215,2009-08-17,8.55000,8.67000,8.55000,8.66000,157700
4216,2009-08-14,9.40000,9.40000,8.61000,8.62000,119500
4217,2009-08-13,8.63000,8.68000,8.53000,8.63000,205300
4218,2009-08-12,8.58000,8.63000,8.53000,8.63000,107800
4219,2009-08-11,8.50000,8.58000,8.48000,8.57000,122800
4220,2009-08-10,8.59000,8.59000,8.46000,8.57000,130600
4221,2009-08-07,8.62000,8.62000,8.54000,8.56000,141700
4222,2009-08-06,8.65000,8.65000,8.56000,8.60000,118600
4223,2009-08-05,8.60000,8.65000,8.55000,8.65000,137000
4224,2009-08-04,8.60000,8.69000,8.56000,8.59000,232300
4225,2009-08-03,8.46000,8.64000,8.45000,8.54000,155500
4226,2009-07-31,8.47000,8.52000,8.42000,8.49000,119200
4227,2009-07-30,8.82000,8.82000,8.37000,8.41000,103400
4228,2009-07-29,8.31000,8.40000,8.29000,8.33000,124900
4229,2009-07-28,8.36000,8.40000,8.27000,8.31000,149800
4230,2009-07-27,8.44000,8.44000,8.37000,8.40000,88900
4231,2009-07-24,8.43000,8.43000,8.35000,8.43000,80400
4232,2009-07-23,8.32000,8.45000,8.32000,8.43000,133200
4233,2009-07-22,8.26000,8.35000,8.26000,8.31000,116200
4234,2009-07-21,8.20000,8.29000,8.19000,8.28000,110500
4235,2009-07-20,8.28000,8.28000,8.22000,8.25000,68200
4236,2009-07-17,8.24000,8.28000,8.17000,8.28000,73500
4237,2009-07-16,8.18000,8.26000,8.14000,8.26000,97400
4238,2009-07-15,8.24000,8.24000,8.17000,8.19000,101700
4239,2009-07-14,8.29000,8.29000,8.22000,8.23000,133900
4240,2009-07-13,8.18000,8.32000,8.18000,8.27000,101400
4241,2009-07-10,8.25000,8.30000,8.19000,8.25000,68700
4242,2009-07-09,8.21000,8.28000,8.18000,8.24000,97500
4243,2009-07-08,8.14000,8.25000,8.12000,8.21000,141700
4244,2009-07-07,8.15000,8.18000,8.11000,8.14000,93500
4245,2009-07-06,8.26000,8.26000,8.11000,8.14000,116100
4246,2009-07-02,8.26000,8.29000,8.15000,8.25000,138900
4247,2009-07-01,8.14000,8.25000,8.14000,8.24000,189600
4248,2009-06-30,8.16000,8.16000,8.09000,8.16000,74500
4249,2009-06-29,8.14000,8.15000,8.09000,8.15000,112900
4250,2009-06-26,8.10000,8.15000,8.10000,8.12000,73000
4251,2009-06-25,8.05000,8.09000,8.04000,8.08000,95800
4252,2009-06-24,8.08000,8.11000,8.02000,8.09000,107300
4253,2009-06-23,8.06000,8.06000,7.98000,8.04000,70100
4254,2009-06-22,8.05000,8.09000,8.00000,8.03000,194000
4255,2009-06-19,8.06000,8.07000,8.02000,8.06000,91400
4256,2009-06-18,8.03000,8.10000,7.93000,8.06000,164200
4257,2009-06-17,8.07000,8.07000,7.86000,7.98000,103800
4258,2009-06-16,8.08000,8.09000,8.00000,8.05000,110900
4259,2009-06-15,7.99000,8.02000,7.79000,8.02000,148100
4260,2009-06-12,7.92000,8.02000,7.90000,7.97000,105900
4261,2009-06-11,7.93000,8.03000,7.87000,8.00000,88400
4262,2009-06-10,8.00000,8.16000,7.89000,7.97000,100200
4263,2009-06-09,8.01000,8.05000,7.94000,7.98000,78500
4264,2009-06-08,8.01000,8.06000,7.97000,8.04000,76200
4265,2009-06-05,8.10000,8.11000,8.02000,8.10000,76400
4266,2009-06-04,8.05000,8.10000,8.02000,8.09000,114900
4267,2009-06-03,7.98000,8.10000,7.97000,8.04000,113200
4268,2009-06-02,8.00000,8.08000,7.94000,7.99000,103500
4269,2009-06-01,7.94000,8.45000,7.90000,7.97000,262400
4270,2009-05-29,7.89000,7.94000,7.87000,7.93000,65900
4271,2009-05-28,7.89000,7.94000,7.86000,7.92000,105500
4272,2009-05-27,7.87000,7.92000,7.85000,7.85000,117200
4273,2009-05-26,7.70000,7.92000,7.70000,7.90000,135300
4274,2009-05-22,7.71000,7.79000,7.66000,7.75000,120300
4275,2009-05-21,7.69000,7.77000,7.69000,7.71000,69900
4276,2009-05-20,7.77000,7.79000,7.64000,7.73000,146300
4277,2009-05-19,7.62000,7.75000,7.58000,7.74000,166700
4278,2009-05-18,7.56000,7.64000,7.56000,7.60000,190300
4279,2009-05-15,7.57000,7.61000,7.50000,7.56000,138700
4280,2009-05-14,7.64000,7.64000,7.55000,7.55000,113300
4281,2009-05-13,7.71000,7.72000,7.62000,7.65000,86300
4282,2009-05-12,7.67000,7.73000,7.65000,7.70000,105100
4283,2009-05-11,7.76000,7.77000,7.65000,7.65000,105800
4284,2009-05-08,7.83000,7.83000,7.75000,7.78000,143300
4285,2009-05-07,7.85000,7.87000,7.77000,7.81000,171800
4286,2009-05-06,7.78000,7.88000,7.73000,7.84000,157000
4287,2009-05-05,7.78000,7.78000,7.67000,7.72000,68100
4288,2009-05-04,7.90000,7.91000,7.67000,7.75000,193400
4289,2009-05-01,7.69000,7.85000,7.64000,7.85000,95900
4290,2009-04-30,7.73000,7.81000,7.59000,7.68000,107700
4291,2009-04-29,7.58000,7.61000,7.52000,7.61000,146200
4292,2009-04-28,7.55000,7.57000,7.48000,7.54000,91800
4293,2009-04-27,7.40000,7.60000,7.40000,7.55000,139700
4294,2009-04-24,7.60000,7.70000,7.56000,7.70000,113400
4295,2009-04-23,7.48000,7.63000,7.47000,7.62000,131400
4296,2009-04-22,7.36000,7.54000,7.36000,7.48000,117300
4297,2009-04-21,7.41000,7.47000,7.29000,7.45000,300900
4298,2009-04-20,7.65000,7.73000,7.41000,7.45000,135100
4299,2009-04-17,7.59000,7.88000,7.52000,7.64000,200900
4300,2009-04-16,7.52000,7.58000,7.51000,7.55000,161800
4301,2009-04-15,7.59000,7.60000,7.45000,7.52000,292600
4302,2009-04-14,7.43000,7.63000,7.43000,7.57000,123200
4303,2009-04-13,7.49000,7.52000,7.39000,7.51000,102400
4304,2009-04-09,7.46000,7.55000,7.43000,7.54000,218000
4305,2009-04-08,7.40000,7.44000,7.35000,7.44000,60000
4306,2009-04-07,7.32000,7.35000,7.29000,7.35000,79200
4307,2009-04-06,7.34000,7.42000,7.26000,7.35000,135700
4308,2009-04-03,7.29000,7.37000,7.23000,7.37000,130700
4309,2009-04-02,7.34000,7.35000,7.28000,7.35000,201400
4310,2009-04-01,7.26000,7.35000,7.26000,7.35000,81300
4311,2009-03-31,7.32000,7.35000,7.20000,7.28000,94400
4312,2009-03-30,7.24000,7.30000,7.17000,7.25000,75200
4313,2009-03-27,7.35000,7.40000,7.25000,7.34000,90800
4314,2009-03-26,7.48000,7.48000,7.27000,7.35000,109700
4315,2009-03-25,7.33000,7.45000,7.32000,7.45000,157200
4316,2009-03-24,7.34000,7.35000,7.24000,7.35000,106200
4317,2009-03-23,7.20000,7.40000,7.18000,7.27000,131400
4318,2009-03-20,7.35000,7.35000,7.11000,7.16000,186000
4319,2009-03-19,7.28000,7.42000,7.09000,7.25000,132000
4320,2009-03-18,7.05000,7.42000,7.05000,7.36000,156500
4321,2009-03-17,7.22000,7.23000,7.05000,7.10000,111400
4322,2009-03-16,7.14000,7.23000,7.12000,7.15000,54000
4323,2009-03-13,7.11000,7.23000,7.06000,7.18000,93800
4324,2009-03-12,6.90000,7.14000,6.88000,7.12000,142400
4325,2009-03-11,6.82000,7.00000,6.77000,6.99000,187100
4326,2009-03-10,6.90000,6.90000,6.77000,6.86000,136300
4327,2009-03-09,6.77000,6.96000,6.75000,6.79000,154100
4328,2009-03-06,7.13000,7.30000,6.78000,6.97000,131400
4329,2009-03-05,7.23000,7.29000,7.04000,7.16000,111500
4330,2009-03-04,7.18000,7.29000,7.12000,7.21000,164300
4331,2009-03-03,7.04000,7.20000,7.00000,7.10000,280300
4332,2009-03-02,7.18000,7.33000,6.96000,7.04000,207400
4333,2009-02-27,7.32000,7.47000,7.07000,7.35000,122600
4334,2009-02-26,7.30000,7.34000,7.23000,7.32000,167100
4335,2009-02-25,7.13000,7.22000,7.08000,7.21000,95400
4336,2009-02-24,7.16000,7.38000,6.95000,7.16000,162900
4337,2009-02-23,7.52000,7.55000,6.84000,7.00000,276700
4338,2009-02-20,7.28000,7.59000,7.02000,7.58000,212100
4339,2009-02-19,7.45000,7.67000,7.29000,7.43000,218000
4340,2009-02-18,7.51000,7.55000,7.31000,7.44000,148800
4341,2009-02-17,7.59000,7.59000,7.50000,7.53000,140900
4342,2009-02-13,7.66000,7.70000,7.60000,7.64000,164500
4343,2009-02-12,7.64000,7.69000,7.60000,7.69000,144700
4344,2009-02-11,7.69000,7.73000,7.53000,7.64000,215400
4345,2009-02-10,7.64000,7.69000,7.62000,7.68000,194000
4346,2009-02-09,7.55000,7.67000,7.45000,7.67000,184900
4347,2009-02-06,7.74000,7.74000,7.56000,7.63000,155100
4348,2009-02-05,7.68000,7.77000,7.56000,7.70000,144900
4349,2009-02-04,7.76000,7.77000,7.62000,7.75000,125100
4350,2009-02-03,7.62000,7.92000,7.60000,7.92000,129400
4351,2009-02-02,7.60000,7.65000,7.56000,7.65000,128700
4352,2009-01-30,7.47000,7.60000,7.47000,7.60000,123900
4353,2009-01-29,7.50000,7.55000,7.36000,7.54000,147800
4354,2009-01-28,7.50000,7.55000,7.45000,7.52000,138100
4355,2009-01-27,7.60000,7.60000,7.45000,7.47000,140300
4356,2009-01-26,7.50000,7.62000,7.43000,7.46000,147000
4357,2009-01-23,7.38000,7.57000,7.31000,7.55000,147900
4358,2009-01-22,7.30000,7.54000,7.27000,7.39000,226400
4359,2009-01-21,7.47000,7.47000,7.31000,7.42000,193800
4360,2009-01-20,7.66000,7.69000,7.39000,7.47000,201600
4361,2009-01-16,7.52000,7.69000,7.45000,7.62000,345900
4362,2009-01-15,7.50000,7.54000,7.32000,7.54000,161500
4363,2009-01-14,7.40000,7.58000,7.38000,7.47000,133600
4364,2009-01-13,7.35000,7.57000,7.34000,7.51000,166600
4365,2009-01-12,7.55000,7.67000,7.23000,7.40000,378700
4366,2009-01-09,7.59000,7.65000,7.51000,7.55000,139200
4367,2009-01-08,7.61000,7.67000,7.50000,7.55000,69700
4368,2009-01-07,7.65000,7.66000,7.40000,7.57000,297500
4369,2009-01-06,7.54000,7.61000,7.47000,7.52000,236800
4370,2009-01-05,7.62000,7.62000,7.50000,7.53000,200900
4371,2009-01-02,7.37000,7.74000,7.30000,7.59000,161800
4372,2008-12-31,7.20000,7.59000,7.15000,7.34000,215800
4373,2008-12-30,7.17000,7.30000,7.10000,7.15000,230100
4374,2008-12-29,7.23000,7.26000,7.10000,7.10000,206300
4375,2008-12-26,7.12000,7.25000,7.10000,7.16000,178900
4376,2008-12-24,6.98000,7.27000,6.97000,7.18000,88600
4377,2008-12-23,7.20000,7.20000,7.02000,7.09000,150700
4378,2008-12-22,7.05000,7.20000,7.00000,7.08000,82700
4379,2008-12-19,7.30000,7.36000,6.95000,7.12000,165400
4380,2008-12-18,6.99000,7.04000,6.93000,7.00000,256600
4381,2008-12-17,6.88000,6.99000,6.80000,6.99000,166700
4382,2008-12-16,6.62000,6.90000,6.62000,6.82000,142600
4383,2008-12-15,6.69000,6.79000,6.60000,6.62000,166000
4384,2008-12-12,6.50000,6.70000,6.49000,6.61000,85500
4385,2008-12-11,6.70000,6.70000,6.52000,6.65000,118300
4386,2008-12-10,6.70000,6.75000,6.50000,6.54000,115900
4387,2008-12-09,6.70000,6.82000,6.60000,6.62000,173400
4388,2008-12-08,6.85000,6.85000,6.68000,6.70000,174100
4389,2008-12-05,6.63000,6.90000,6.52000,6.76000,177500
4390,2008-12-04,6.74000,6.83000,6.70000,6.70000,80400
4391,2008-12-03,6.90000,6.94000,6.71000,6.74000,210200
4392,2008-12-02,7.00000,7.00000,6.72000,6.96000,103200
4393,2008-12-01,6.63000,6.88000,6.63000,6.77000,97800
4394,2008-11-28,6.78000,6.95000,6.76000,6.88000,54900
4395,2008-11-26,6.55000,6.75000,6.51000,6.70000,107300
4396,2008-11-25,6.46000,6.79000,6.41000,6.55000,114100
4397,2008-11-24,6.20000,6.57000,5.98000,6.45000,91700
4398,2008-11-21,6.03000,6.30000,6.00000,6.30000,179500
4399,2008-11-20,6.10000,6.48000,6.00000,6.05000,234600
4400,2008-11-19,6.80000,6.80000,6.15000,6.34000,217700
4401,2008-11-18,6.92000,6.92000,6.50000,6.75000,118200
4402,2008-11-17,6.91000,6.99000,6.72000,6.83000,60800
4403,2008-11-14,6.92000,7.04000,6.82000,6.87000,78300
4404,2008-11-13,6.82000,7.50000,6.82000,6.92000,202200
4405,2008-11-12,6.85000,6.96000,6.77000,6.87000,98000
4406,2008-11-11,6.67000,6.95000,6.67000,6.94000,117300
4407,2008-11-10,6.93000,7.05000,6.93000,6.95000,97900
4408,2008-11-07,6.84000,6.95000,6.83000,6.93000,137000
4409,2008-11-06,6.85000,6.95000,6.85000,6.88000,163900
4410,2008-11-05,6.95000,7.10000,6.80000,6.87000,243000
4411,2008-11-04,6.95000,6.95000,6.89000,6.95000,165600
4412,2008-11-03,7.04000,7.04000,6.85000,6.87000,338000
4413,2008-10-31,6.80000,7.14000,6.80000,7.14000,70600
4414,2008-10-30,6.75000,6.85000,6.75000,6.79000,313800
4415,2008-10-29,6.94000,6.94000,6.74000,6.75000,60000
4416,2008-10-28,6.95000,6.95000,6.86000,6.87000,80700
4417,2008-10-27,6.60000,6.85000,6.60000,6.82000,67500
4418,2008-10-24,6.38000,7.04000,6.38000,6.78000,94600
4419,2008-10-23,6.98000,7.16000,6.90000,6.95000,108800
4420,2008-10-22,7.05000,7.56000,7.00000,7.10000,140500
4421,2008-10-21,7.20000,7.24000,7.03000,7.05000,68200
4422,2008-10-20,7.24000,7.25000,7.01000,7.13000,135300
4423,2008-10-17,6.88000,7.20000,6.79000,7.08000,58900
4424,2008-10-16,7.10000,7.25000,6.95000,7.04000,72800
4425,2008-10-15,6.85000,7.15000,6.80000,6.92000,140000
4426,2008-10-14,7.26000,7.50000,6.72000,6.87000,172300
4427,2008-10-13,6.33000,7.00000,6.33000,7.00000,51900
4428,2008-10-10,6.34000,7.40000,5.78000,6.23000,548300
4429,2008-10-09,6.21000,6.45000,6.21000,6.35000,466500
4430,2008-10-08,6.49000,6.92000,6.00000,6.35000,496900
4431,2008-10-07,7.00000,7.29000,6.76000,6.76000,121300
4432,2008-10-06,7.21000,7.39000,6.74000,7.35000,263300
4433,2008-10-03,7.41000,7.53000,7.41000,7.51000,33000
4434,2008-10-02,7.72000,7.72000,7.50000,7.52000,119600
4435,2008-10-01,7.24000,7.72000,7.20000,7.63000,66600
4436,2008-09-30,7.24000,7.48000,7.24000,7.35000,143800
4437,2008-09-29,7.50000,7.58000,7.25000,7.28000,119500
4438,2008-09-26,7.62000,7.73000,7.60000,7.71000,127400
4439,2008-09-25,7.81000,8.23000,7.75000,7.79000,169700
4440,2008-09-24,7.75000,7.83000,7.74000,7.82000,78400
4441,2008-09-23,7.84000,7.84000,7.75000,7.79000,81400
4442,2008-09-22,7.73000,7.79000,7.70000,7.75000,86100
4443,2008-09-19,7.64000,7.82000,7.41000,7.82000,167700
4444,2008-09-18,7.50000,7.65000,7.30000,7.41000,181700
4445,2008-09-17,7.28000,7.49000,7.19000,7.46000,339000
4446,2008-09-16,7.67000,7.95000,7.00000,7.69000,207600
4447,2008-09-15,8.01000,8.13000,7.73000,7.79000,182100
4448,2008-09-12,8.07000,8.16000,8.05000,8.09000,78900
4449,2008-09-11,8.13000,8.19000,8.07000,8.09000,70300
4450,2008-09-10,8.17000,8.20000,8.11000,8.20000,55500
4451,2008-09-09,8.19000,8.22000,8.18000,8.22000,52900
4452,2008-09-08,8.19000,8.22000,8.18000,8.21000,55500
4453,2008-09-05,8.17000,8.20000,8.15000,8.19000,65200
4454,2008-09-04,8.26000,8.26000,8.18000,8.20000,71600
4455,2008-09-03,8.20000,8.25000,8.19000,8.25000,60800
4456,2008-09-02,8.20000,8.23000,8.19000,8.19000,82200
4457,2008-08-29,8.22000,8.23000,8.21000,8.23000,37400
4458,2008-08-28,8.18000,8.28000,8.12000,8.23000,117300
4459,2008-08-27,8.21000,8.21000,8.13000,8.17000,86800
4460,2008-08-26,8.19000,8.23000,8.18000,8.23000,91900
4461,2008-08-25,8.20000,8.20000,8.16000,8.20000,68100
4462,2008-08-22,8.14000,8.20000,8.12000,8.20000,58600
4463,2008-08-21,8.11000,8.15000,8.10000,8.15000,50400
4464,2008-08-20,8.08000,8.15000,8.07000,8.15000,27600
4465,2008-08-19,8.07000,8.18000,8.00000,8.11000,75600
4466,2008-08-18,8.09000,8.21000,8.05000,8.07000,122300
4467,2008-08-15,8.14000,8.16000,8.08000,8.08000,108600
4468,2008-08-14,8.14000,8.18000,8.13000,8.14000,70900
4469,2008-08-13,8.14000,8.24000,8.13000,8.15000,72600
4470,2008-08-12,8.18000,8.19000,7.91000,8.15000,89000
4471,2008-08-11,8.21000,8.22000,8.16000,8.19000,67100
4472,2008-08-08,8.17000,8.24000,8.17000,8.22000,51600
4473,2008-08-07,8.25000,8.25000,8.16000,8.17000,78800
4474,2008-08-06,8.22000,8.27000,8.20000,8.25000,76700
4475,2008-08-05,8.20000,8.26000,8.16000,8.26000,83500
4476,2008-08-04,8.25000,8.30000,8.21000,8.21000,56300
4477,2008-08-01,8.28000,8.28000,8.17000,8.26000,87300
4478,2008-07-31,8.20000,8.26000,8.18000,8.24000,57100
4479,2008-07-30,8.20000,8.22000,8.16000,8.19000,64700
4480,2008-07-29,8.14000,8.22000,8.13000,8.18000,67100
4481,2008-07-28,8.14000,8.19000,8.12000,8.14000,85800
4482,2008-07-25,8.15000,8.18000,8.12000,8.14000,68800
4483,2008-07-24,8.15000,8.20000,8.12000,8.12000,98200
4484,2008-07-23,8.17000,8.21000,8.11000,8.19000,64200
4485,2008-07-22,8.08000,8.23000,8.06000,8.23000,72500
4486,2008-07-21,8.18000,8.18000,8.08000,8.15000,88300
4487,2008-07-18,8.08000,8.19000,8.06000,8.13000,37400
4488,2008-07-17,8.07000,8.15000,8.06000,8.06000,101600
4489,2008-07-16,8.04000,8.16000,8.04000,8.08000,114300
4490,2008-07-15,8.12000,8.31000,8.07000,8.11000,73000
4491,2008-07-14,8.21000,8.21000,8.12000,8.14000,100100
4492,2008-07-11,8.25000,8.39000,8.23000,8.23000,73000
4493,2008-07-10,8.24000,8.26000,8.19000,8.26000,80800
4494,2008-07-09,8.21000,8.25000,8.19000,8.24000,108400
4495,2008-07-08,8.21000,8.36000,8.17000,8.20000,88800
4496,2008-07-07,8.25000,8.25000,8.17000,8.17000,80200
4497,2008-07-03,8.21000,8.23000,8.17000,8.23000,73800
4498,2008-07-02,8.27000,8.27000,8.17000,8.17000,104300
4499,2008-07-01,8.27000,8.27000,8.23000,8.25000,75600
4500,2008-06-30,8.27000,8.30000,8.23000,8.24000,88400
4501,2008-06-27,8.35000,8.35000,8.25000,8.25000,65500
4502,2008-06-26,8.30000,8.36000,8.28000,8.33000,75900
4503,2008-06-25,8.25000,8.43000,8.25000,8.30000,106600
4504,2008-06-24,8.25000,8.29000,8.24000,8.25000,68100
4505,2008-06-23,8.26000,8.30000,8.25000,8.25000,156100
4506,2008-06-20,8.25000,8.30000,8.25000,8.25000,142900
4507,2008-06-19,8.28000,8.30000,8.27000,8.29000,128900
4508,2008-06-18,8.27000,8.30000,8.26000,8.28000,89900
4509,2008-06-17,8.29000,8.32000,8.26000,8.27000,53500
4510,2008-06-16,8.29000,8.31000,8.25000,8.27000,45200
4511,2008-06-13,8.25000,8.29000,8.22000,8.26000,127000
4512,2008-06-12,8.34000,8.34000,8.26000,8.27000,108600
4513,2008-06-11,8.35000,8.37000,8.31000,8.31000,102400
4514,2008-06-10,8.40000,8.46000,8.37000,8.39000,131300
4515,2008-06-09,8.49000,8.51000,8.43000,8.43000,112100
4516,2008-06-06,8.42000,8.51000,8.42000,8.51000,110600
4517,2008-06-05,8.43000,8.45000,8.41000,8.44000,82100
4518,2008-06-04,8.43000,8.45000,8.42000,8.42000,79700
4519,2008-06-03,8.46000,8.46000,8.43000,8.45000,40300
4520,2008-06-02,8.45000,8.46000,8.42000,8.45000,55400
4521,2008-05-30,8.44000,8.49000,8.38000,8.42000,77600
4522,2008-05-29,8.43000,8.47000,8.43000,8.45000,127300
4523,2008-05-28,8.43000,8.47000,8.41000,8.41000,54400
4524,2008-05-27,8.43000,8.48000,8.43000,8.47000,64100
4525,2008-05-23,8.40000,8.48000,8.40000,8.47000,81200
4526,2008-05-22,8.50000,8.50000,8.39000,8.40000,90200
4527,2008-05-21,8.50000,8.51000,8.44000,8.51000,72800
4528,2008-05-20,8.43000,8.50000,8.42000,8.48000,89700
4529,2008-05-19,8.49000,8.52000,8.43000,8.44000,50400
4530,2008-05-16,8.52000,8.52000,8.46000,8.51000,59900
4531,2008-05-15,8.50000,8.54000,8.47000,8.47000,62200
4532,2008-05-14,8.43000,8.50000,8.43000,8.50000,89400
4533,2008-05-13,8.46000,8.50000,8.43000,8.48000,58600
4534,2008-05-12,8.47000,8.52000,8.45000,8.49000,64200
4535,2008-05-09,8.47000,8.49000,8.43000,8.48000,54400
4536,2008-05-08,8.44000,8.47000,8.44000,8.47000,57100
4537,2008-05-07,8.46000,8.48000,8.41000,8.42000,151800
4538,2008-05-06,8.43000,8.48000,8.43000,8.43000,87500
4539,2008-05-05,8.48000,8.48000,8.42000,8.44000,156600
4540,2008-05-02,8.50000,8.50000,8.44000,8.48000,117700
4541,2008-05-01,8.49000,8.55000,8.47000,8.50000,113200
4542,2008-04-30,8.49000,8.50000,8.44000,8.48000,118300
4543,2008-04-29,8.47000,8.48000,8.42000,8.48000,80100
4544,2008-04-28,8.43000,8.46000,8.37000,8.44000,125500
4545,2008-04-25,8.40000,8.45000,8.40000,8.40000,84300
4546,2008-04-24,8.47000,8.47000,8.40000,8.40000,79900
4547,2008-04-23,8.38000,8.48000,8.35000,8.39000,70400
4548,2008-04-22,8.39000,8.51000,8.31000,8.38000,386600
4549,2008-04-21,8.37000,8.51000,8.37000,8.38000,213100
4550,2008-04-18,8.44000,8.49000,8.34000,8.40000,134300
4551,2008-04-17,8.30000,8.47000,8.30000,8.47000,83100
4552,2008-04-16,8.30000,8.44000,8.30000,8.40000,80000
4553,2008-04-15,8.30000,8.41000,8.29000,8.30000,57100
4554,2008-04-14,8.32000,8.35000,8.30000,8.32000,57300
4555,2008-04-11,8.27000,8.34000,8.26000,8.34000,58100
4556,2008-04-10,8.24000,8.31000,8.24000,8.30000,51400
4557,2008-04-09,8.27000,8.29000,8.22000,8.26000,44500
4558,2008-04-08,8.32000,8.32000,8.27000,8.29000,62900
4559,2008-04-07,8.29000,8.31000,8.27000,8.29000,71800
4560,2008-04-04,8.24000,8.29000,8.23000,8.27000,86000
4561,2008-04-03,8.24000,8.28000,8.24000,8.24000,68700
4562,2008-04-02,8.23000,8.28000,8.23000,8.28000,43300
4563,2008-04-01,8.22000,8.29000,8.22000,8.29000,70300
4564,2008-03-31,8.30000,8.30000,8.22000,8.22000,118900
4565,2008-03-28,8.31000,8.33000,8.25000,8.27000,72400
4566,2008-03-27,8.25000,8.67000,8.23000,8.34000,153000
4567,2008-03-26,8.32000,8.32000,8.22000,8.28000,58600
4568,2008-03-25,8.22000,8.28000,8.17000,8.26000,63400
4569,2008-03-24,8.28000,8.28000,8.23000,8.25000,127800
4570,2008-03-20,8.27000,8.31000,8.00000,8.28000,70600
4571,2008-03-19,8.23000,8.32000,8.23000,8.32000,122800
4572,2008-03-18,8.08000,8.21000,8.08000,8.20000,77200
4573,2008-03-17,8.13000,8.14000,8.05000,8.06000,82100
4574,2008-03-14,8.17000,8.19000,8.15000,8.19000,121600
4575,2008-03-13,8.11000,8.17000,8.11000,8.16000,59600
4576,2008-03-12,8.11000,8.17000,8.10000,8.16000,96000
4577,2008-03-11,8.18000,8.23000,8.10000,8.14000,76600
4578,2008-03-10,8.18000,8.23000,8.15000,8.15000,106000
4579,2008-03-07,8.21000,8.25000,8.21000,8.23000,84400
4580,2008-03-06,8.30000,8.30000,8.21000,8.22000,152200
4581,2008-03-05,8.27000,8.31000,8.27000,8.29000,50000
4582,2008-03-04,8.45000,8.45000,8.25000,8.25000,92900
4583,2008-03-03,8.26000,8.46000,8.26000,8.37000,49300
4584,2008-02-29,8.39000,8.40000,8.26000,8.26000,73900
4585,2008-02-28,8.32000,8.37000,8.32000,8.35000,57800
4586,2008-02-27,8.28000,8.34000,8.27000,8.33000,95600
4587,2008-02-26,8.25000,8.29000,8.22000,8.29000,46500
4588,2008-02-25,8.25000,8.26000,8.20000,8.24000,96700
4589,2008-02-22,8.18000,8.27000,8.18000,8.24000,65000
4590,2008-02-21,8.23000,8.28000,8.16000,8.16000,98500
4591,2008-02-20,8.25000,8.28000,8.16000,8.16000,140400
4592,2008-02-19,8.28000,8.30000,8.26000,8.30000,101800
4593,2008-02-15,8.24000,8.58000,8.24000,8.29000,237900
4594,2008-02-14,8.34000,8.35000,8.23000,8.25000,97200
4595,2008-02-13,8.43000,8.49000,7.75000,8.33000,346200
4596,2008-02-12,8.48000,8.48000,8.41000,8.47000,61200
4597,2008-02-11,8.47000,8.53000,8.41000,8.41000,73000
4598,2008-02-08,8.51000,8.56000,8.47000,8.49000,64300
4599,2008-02-07,8.56000,8.56000,8.49000,8.50000,80200
4600,2008-02-06,8.52000,8.54000,8.49000,8.49000,142900
4601,2008-02-05,8.54000,8.59000,8.50000,8.50000,62600
4602,2008-02-04,8.54000,8.58000,8.51000,8.57000,90000
4603,2008-02-01,8.49000,8.54000,8.48000,8.51000,282800
4604,2008-01-31,8.50000,8.53000,8.48000,8.50000,88200
4605,2008-01-30,8.63000,8.63000,8.48000,8.49000,95700
4606,2008-01-29,8.68000,8.69000,8.52000,8.59000,87000
4607,2008-01-28,8.51000,8.60000,8.51000,8.58000,109100
4608,2008-01-25,8.46000,8.56000,8.46000,8.56000,94000
4609,2008-01-24,8.50000,8.55000,8.40000,8.55000,81000
4610,2008-01-23,8.37000,8.45000,8.37000,8.42000,84800
4611,2008-01-22,8.33000,8.60000,8.29000,8.37000,114800
4612,2008-01-18,8.55000,8.55000,8.37000,8.37000,118000
4613,2008-01-17,8.57000,8.58000,8.40000,8.45000,224500
4614,2008-01-16,8.54000,8.57000,8.51000,8.56000,124300
4615,2008-01-15,8.49000,8.56000,8.45000,8.49000,185700
4616,2008-01-14,8.54000,8.54000,8.43000,8.49000,92100
4617,2008-01-11,8.50000,8.53000,8.46000,8.49000,109100
4618,2008-01-10,8.48000,8.52000,8.45000,8.48000,127500
4619,2008-01-09,8.50000,8.53000,8.37000,8.49000,155700
4620,2008-01-08,8.42000,8.49000,8.42000,8.49000,157800
4621,2008-01-07,8.40000,8.49000,8.39000,8.42000,140200
4622,2008-01-04,8.41000,8.44000,8.39000,8.39000,134800
4623,2008-01-03,8.39000,8.41000,8.35000,8.41000,106000
4624,2008-01-02,8.23000,8.36000,8.20000,8.35000,99900
4625,2007-12-31,8.20000,8.23000,8.18000,8.21000,130300
4626,2007-12-28,8.21000,8.24000,8.09000,8.19000,104000
4627,2007-12-27,8.20000,8.24000,8.20000,8.23000,85700
4628,2007-12-26,8.16000,8.24000,8.15000,8.24000,132600
4629,2007-12-24,8.15000,8.20000,8.14000,8.19000,45100
4630,2007-12-21,8.15000,8.18000,8.09000,8.12000,131400
4631,2007-12-20,8.13000,8.17000,8.12000,8.14000,146100
4632,2007-12-19,8.12000,8.16000,8.10000,8.13000,141200
4633,2007-12-18,8.13000,8.15000,8.10000,8.11000,97700
4634,2007-12-17,8.17000,8.21000,8.09000,8.09000,180200
4635,2007-12-14,8.18000,8.26000,8.16000,8.19000,147900
4636,2007-12-13,8.19000,8.25000,8.18000,8.21000,73100
4637,2007-12-12,8.22000,8.30000,8.19000,8.21000,95100
4638,2007-12-11,8.34000,8.35000,8.22000,8.26000,80000
4639,2007-12-10,8.36000,8.39000,8.33000,8.35000,59800
4640,2007-12-07,8.40000,8.40000,8.34000,8.34000,149000
4641,2007-12-06,8.38000,8.41000,8.38000,8.41000,101600
4642,2007-12-05,8.37000,8.41000,8.36000,8.40000,83100
4643,2007-12-04,8.38000,8.40000,8.33000,8.35000,73200
4644,2007-12-03,8.35000,8.38000,8.32000,8.33000,110100
4645,2007-11-30,8.27000,8.34000,8.27000,8.30000,159300
4646,2007-11-29,8.29000,8.30000,8.26000,8.27000,88100
4647,2007-11-28,8.33000,8.34000,8.26000,8.29000,71800
4648,2007-11-27,8.32000,8.34000,8.29000,8.34000,51800
4649,2007-11-26,8.30000,8.31000,8.28000,8.31000,75300
4650,2007-11-23,8.29000,8.36000,8.29000,8.31000,25500
4651,2007-11-21,8.25000,8.33000,8.23000,8.31000,94300
4652,2007-11-20,8.24000,8.26000,8.22000,8.25000,71400
4653,2007-11-19,8.22000,8.23000,8.21000,8.21000,66400
4654,2007-11-16,8.20000,8.26000,8.20000,8.21000,116900
4655,2007-11-15,8.20000,8.22000,8.20000,8.20000,65600
4656,2007-11-14,8.22000,8.23000,8.20000,8.20000,121300
4657,2007-11-13,8.25000,8.27000,8.22000,8.22000,61300
4658,2007-11-12,8.26000,8.26000,8.24000,8.24000,170100
4659,2007-11-09,8.34000,8.36000,8.25000,8.26000,87900
4660,2007-11-08,8.29000,8.40000,8.29000,8.33000,215400
4661,2007-11-07,8.10000,8.32000,8.10000,8.29000,130500
4662,2007-11-06,8.33000,8.33000,8.30000,8.30000,116000
4663,2007-11-05,8.34000,8.34000,8.31000,8.32000,114100
4664,2007-11-02,8.36000,8.38000,8.33000,8.33000,97300
4665,2007-11-01,8.36000,8.39000,8.33000,8.33000,153600
4666,2007-10-31,8.36000,8.37000,8.35000,8.36000,202200
4667,2007-10-30,8.39000,8.40000,8.34000,8.34000,225900
4668,2007-10-29,8.40000,8.42000,8.39000,8.39000,140900
4669,2007-10-26,8.38000,8.42000,8.37000,8.41000,130300
4670,2007-10-25,8.37000,8.42000,8.36000,8.41000,75900
4671,2007-10-24,8.37000,8.44000,8.36000,8.40000,89900
4672,2007-10-23,8.30000,8.37000,8.30000,8.34000,179900
4673,2007-10-22,8.29000,8.35000,8.29000,8.29000,97100
4674,2007-10-19,8.33000,8.35000,8.26000,8.29000,241500
4675,2007-10-18,8.34000,8.40000,8.31000,8.33000,89200
4676,2007-10-17,8.32000,8.42000,8.32000,8.36000,82600
4677,2007-10-16,8.27000,8.37000,8.26000,8.30000,117900
4678,2007-10-15,8.36000,8.39000,8.27000,8.30000,275500
4679,2007-10-12,8.35000,8.42000,8.35000,8.36000,60500
4680,2007-10-11,8.43000,8.43000,8.34000,8.34000,102500
4681,2007-10-10,8.39000,8.43000,8.39000,8.41000,106800
4682,2007-10-09,8.36000,8.43000,8.34000,8.42000,64400
4683,2007-10-08,8.41000,8.42000,8.39000,8.41000,54700
4684,2007-10-05,8.40000,8.44000,8.40000,8.40000,90000
4685,2007-10-04,8.42000,8.43000,8.39000,8.40000,98200
4686,2007-10-03,8.42000,8.45000,8.41000,8.42000,109000
4687,2007-10-02,8.44000,8.45000,8.41000,8.42000,71100
4688,2007-10-01,8.41000,8.45000,8.38000,8.44000,80700
4689,2007-09-28,8.41000,8.43000,8.37000,8.40000,93400
4690,2007-09-27,8.40000,8.43000,8.37000,8.41000,73400
4691,2007-09-26,8.40000,8.41000,8.37000,8.37000,59200
4692,2007-09-25,8.42000,8.43000,8.37000,8.40000,85400
4693,2007-09-24,8.43000,8.43000,8.39000,8.40000,63700
4694,2007-09-21,8.39000,8.42000,8.38000,8.41000,59000
4695,2007-09-20,8.41000,8.42000,8.38000,8.41000,46200
4696,2007-09-19,8.37000,8.41000,8.37000,8.39000,98100
4697,2007-09-18,8.38000,8.40000,8.35000,8.38000,87400
4698,2007-09-17,8.33000,8.41000,8.33000,8.37000,69800
4699,2007-09-14,8.40000,8.44000,8.32000,8.32000,209700
4700,2007-09-13,8.44000,8.44000,8.38000,8.38000,99400
4701,2007-09-12,8.43000,8.45000,8.39000,8.43000,235200
4702,2007-09-11,8.42000,8.46000,8.42000,8.44000,90000
4703,2007-09-10,8.41000,8.47000,8.36000,8.42000,128900
4704,2007-09-07,8.44000,8.46000,8.37000,8.44000,90300
4705,2007-09-06,8.42000,8.46000,8.41000,8.44000,52800
4706,2007-09-05,8.43000,8.47000,8.39000,8.43000,76900
4707,2007-09-04,8.44000,8.49000,8.42000,8.45000,144800
4708,2007-08-31,8.40000,8.44000,8.36000,8.44000,69100
4709,2007-08-30,8.40000,8.43000,8.37000,8.40000,64700
4710,2007-08-29,8.32000,8.41000,8.32000,8.40000,84200
4711,2007-08-28,8.30000,8.37000,8.30000,8.32000,79500
4712,2007-08-27,8.33000,8.37000,8.29000,8.32000,133100
4713,2007-08-24,8.34000,8.39000,8.32000,8.32000,141400
4714,2007-08-23,8.29000,8.36000,8.28000,8.36000,106000
4715,2007-08-22,8.31000,8.40000,8.27000,8.29000,91200
4716,2007-08-21,8.17000,8.30000,8.12000,8.30000,60100
4717,2007-08-20,8.25000,8.33000,8.15000,8.18000,114600
4718,2007-08-17,8.17000,8.25000,8.14000,8.25000,113300
4719,2007-08-16,8.16000,8.19000,8.03000,8.15000,237100
4720,2007-08-15,8.17000,8.20000,8.14000,8.20000,135300
4721,2007-08-14,8.19000,8.20000,8.16000,8.16000,71400
4722,2007-08-13,8.15000,8.22000,8.15000,8.18000,70600
4723,2007-08-10,8.24000,8.26000,8.14000,8.15000,138700
4724,2007-08-09,8.26000,8.32000,8.24000,8.27000,83400
4725,2007-08-08,8.25000,8.30000,8.23000,8.27000,108000
4726,2007-08-07,8.27000,8.27000,8.22000,8.24000,245100
4727,2007-08-06,8.31000,8.31000,8.23000,8.28000,127300
4728,2007-08-03,8.26000,8.33000,8.26000,8.28000,77600
4729,2007-08-02,8.27000,8.31000,8.25000,8.26000,52400
4730,2007-08-01,8.30000,8.32000,8.22000,8.28000,148100
4731,2007-07-31,8.31000,8.37000,8.29000,8.29000,53500
4732,2007-07-30,8.30000,8.36000,8.30000,8.31000,53600
4733,2007-07-27,8.33000,8.37000,8.29000,8.29000,77200
4734,2007-07-26,8.40000,8.44000,8.27000,8.34000,84600
4735,2007-07-25,8.45000,8.50000,8.35000,8.45000,166900
4736,2007-07-24,8.35000,8.50000,8.32000,8.50000,146500
4737,2007-07-23,8.39000,8.42000,8.34000,8.36000,57500
4738,2007-07-20,8.33000,8.40000,8.33000,8.40000,81800
4739,2007-07-19,8.36000,8.39000,8.30000,8.34000,85800
4740,2007-07-18,8.36000,8.42000,8.34000,8.38000,135900
4741,2007-07-17,8.41000,8.43000,8.38000,8.39000,88900
4742,2007-07-16,8.35000,8.43000,8.35000,8.43000,93800
4743,2007-07-13,8.39000,8.40000,8.35000,8.35000,97400
4744,2007-07-12,8.38000,8.42000,8.35000,8.36000,100900
