,datetime,open,high,low,close,volume
0,2023-04-19,11.58000,11.58000,11.58000,11.58000,0
1,2023-04-18,11.58000,11.58000,11.58000,11.58000,200
2,2023-04-17,11.75000,11.76000,11.73000,11.73000,1000
3,2023-04-14,11.51000,11.78000,11.51000,11.65000,700
4,2023-04-13,11.38000,11.38000,11.38000,11.38000,0
5,2023-04-12,11.35000,11.39000,11.35000,11.38000,900
6,2023-04-11,11.52000,11.81000,11.42000,11.45000,2200
7,2023-04-10,11.20000,11.38000,11.20000,11.38000,3700
8,2023-04-06,11.00000,11.11000,11.00000,11.11000,2100
9,2023-04-05,10.83000,11.10000,10.83000,11.00000,2300
10,2023-04-04,10.74000,10.98000,10.66000,10.85000,12000
11,2023-04-03,10.80000,10.82000,10.80000,10.80000,1200
12,2023-03-31,10.70000,10.88000,10.60000,10.60000,2400
13,2023-03-30,10.45000,10.75000,10.45000,10.65000,3300
14,2023-03-29,10.54000,10.75000,10.54000,10.75000,400
15,2023-03-28,10.30000,10.30000,10.30000,10.30000,300
16,2023-03-27,10.35000,10.61000,10.28000,10.28000,1300
17,2023-03-24,10.50000,11.05000,10.30000,10.32000,2100
18,2023-03-23,10.69000,10.97000,10.27000,10.32000,4500
19,2023-03-22,10.95000,10.95000,10.38000,10.38000,4400
20,2023-03-21,10.54000,10.68000,10.43000,10.43000,2700
21,2023-03-20,10.50000,10.75000,10.45000,10.45000,1200
22,2023-03-17,10.50000,10.51000,10.50000,10.50000,2000
23,2023-03-16,10.50000,10.50000,10.50000,10.50000,0
24,2023-03-15,10.50000,10.78000,10.50000,10.50000,18500
25,2023-03-14,10.50000,10.50000,10.43000,10.43000,900
26,2023-03-13,10.91000,10.91000,10.43000,10.43000,3400
27,2023-03-10,11.00000,11.00000,11.00000,11.00000,700
28,2023-03-09,10.88000,10.88000,10.88000,10.88000,800
29,2023-03-08,10.50000,11.50000,10.50000,10.91000,7300
30,2023-03-07,11.20000,11.20000,10.50000,10.50000,400
31,2023-03-06,11.25000,11.25000,11.14000,11.14000,700
32,2023-03-03,11.00000,11.56000,11.00000,11.51000,2800
33,2023-03-02,10.65000,10.65000,10.65000,10.65000,0
34,2023-03-01,10.65000,10.65000,10.65000,10.65000,400
35,2023-02-28,10.65000,10.65000,10.65000,10.65000,0
36,2023-02-27,10.65000,10.65000,10.65000,10.65000,1100
37,2023-02-24,10.74000,10.74000,10.74000,10.74000,500
38,2023-02-23,10.77000,10.77000,10.77000,10.77000,2600
39,2023-02-22,10.41000,10.41000,10.41000,10.41000,2900
40,2023-02-21,11.47000,11.47000,10.42000,10.42000,7800
41,2023-02-16,10.83000,11.05000,10.78000,10.78000,3300
42,2023-02-15,11.01000,11.01000,11.01000,11.01000,3200
43,2023-02-14,11.09000,11.09000,11.01000,11.01000,9800
44,2023-02-13,11.44000,12.00000,10.92000,11.44000,11900
45,2023-02-10,12.02000,12.30000,11.29000,12.29000,2000
46,2023-02-08,12.00000,12.00000,11.60000,11.67000,800
47,2023-02-03,11.47000,11.60000,11.47000,11.60000,700
48,2023-02-02,11.36000,11.36000,11.30000,11.30000,700
49,2023-02-01,11.99000,11.99000,11.99000,11.99000,900
50,2023-01-31,11.67000,11.67000,11.24000,11.24000,400
51,2023-01-27,11.90000,11.90000,11.90000,11.90000,100
52,2023-01-26,11.97000,12.30000,11.97000,12.30000,1800
53,2023-01-25,12.30000,12.30000,12.30000,12.30000,700
54,2023-01-24,11.95000,11.99000,11.94000,11.98000,900
55,2023-01-23,11.57000,11.95000,11.57000,11.95000,900
56,2023-01-20,11.50000,11.87000,11.50000,11.87000,1000
57,2023-01-19,11.60000,11.97000,11.50000,11.50000,1800
58,2023-01-18,11.27000,11.97000,11.19000,11.69000,7700
59,2023-01-17,10.98000,11.29000,10.77000,11.29000,7700
60,2023-01-13,10.76000,11.29000,10.63000,10.63000,6600
61,2023-01-12,12.25000,12.25000,11.51000,11.51000,1800
62,2023-01-11,11.21000,11.65000,11.21000,11.51000,1400
63,2023-01-10,11.46000,11.46000,11.30000,11.37000,1600
64,2023-01-09,10.75000,10.75000,10.75000,10.75000,1100
65,2023-01-05,10.56000,10.60000,10.51000,10.51000,4800
66,2023-01-04,10.56000,11.08000,10.55000,10.80000,3600
67,2023-01-03,10.51000,10.51000,10.51000,10.51000,300
68,2022-12-30,10.70000,10.70000,10.56000,10.56000,2300
69,2022-12-27,10.79000,11.10000,10.79000,11.10000,600
70,2022-12-23,11.31000,11.31000,11.31000,11.31000,600
71,2022-12-21,10.60000,11.00000,10.58000,10.60000,2500
72,2022-12-20,11.00000,11.00000,10.59000,10.85000,1400
73,2022-12-19,11.25000,11.25000,11.00000,11.00000,1000
74,2022-12-16,10.74000,11.30000,10.74000,11.30000,600
75,2022-12-15,10.60000,10.63000,10.60000,10.63000,900
76,2022-12-14,10.41000,10.41000,10.41000,10.41000,300
77,2022-12-13,10.66000,10.90000,10.65000,10.75000,8300
78,2022-12-12,10.97000,11.19000,10.65000,10.80000,19300
79,2022-12-08,11.85000,11.85000,11.06000,11.19000,3400
80,2022-12-07,11.10000,11.25000,11.10000,11.10000,5700
81,2022-12-06,11.29000,11.85000,11.26000,11.30000,3000
82,2022-12-05,11.10000,11.10000,11.10000,11.10000,4100
83,2022-12-02,11.10000,11.10000,11.10000,11.10000,300
84,2022-12-01,11.10000,11.36000,11.10000,11.10000,10600
85,2022-11-30,11.47000,11.47000,11.10000,11.10000,1600
86,2022-11-29,11.26000,11.28000,11.25000,11.25000,2400
87,2022-11-28,12.24000,12.24000,11.31000,11.31000,2200
88,2022-11-25,11.83000,12.14000,11.69000,12.14000,2900
89,2022-11-23,11.64000,12.04000,11.25000,11.90000,4100
90,2022-11-22,11.48000,11.48000,11.16000,11.31000,2800
91,2022-11-21,11.17000,11.83000,11.13000,11.32000,6400
92,2022-11-18,11.40000,11.63000,11.01000,11.10000,8500
93,2022-11-17,10.56000,11.10000,10.56000,10.90000,25900
94,2022-11-16,11.02000,11.04000,10.89000,11.01000,8200
95,2022-11-15,11.64000,11.74000,11.46000,11.50000,6000
96,2022-11-14,12.05000,12.16000,11.64000,12.02000,2500
97,2022-11-09,11.32000,11.63000,11.15000,11.63000,2500
98,2022-11-08,11.44000,11.44000,11.44000,11.44000,200
99,2022-11-07,11.21000,11.41000,10.95000,10.95000,3600
100,2022-11-04,11.89000,11.93000,11.20000,11.20000,2800
101,2022-11-03,11.18000,12.04000,11.01000,11.63000,6400
102,2022-11-02,10.40000,11.39000,9.90000,11.30000,9000
103,2022-11-01,10.55000,10.55000,10.25000,10.30000,1600
104,2022-10-31,10.52000,11.23000,10.11000,10.11000,8300
105,2022-10-28,10.86000,11.64000,10.86000,11.64000,3800
106,2022-10-27,11.00000,11.00000,10.93000,10.93000,1100
107,2022-10-26,10.93000,11.10000,10.93000,11.02000,2900
108,2022-10-25,10.60000,11.02000,10.56000,11.02000,2700
109,2022-10-24,11.06000,11.10000,10.57000,10.62000,7300
110,2022-10-21,11.20000,11.27000,10.88000,10.92000,7300
111,2022-10-20,11.19000,11.61000,11.00000,11.06000,6000
112,2022-10-19,11.19000,11.35000,11.00000,11.02000,4000
113,2022-10-18,11.58000,11.98000,11.14000,11.14000,3700
114,2022-10-17,11.26000,11.94000,11.08000,11.50000,4900
115,2022-10-14,10.97000,11.43000,10.94000,11.25000,4200
116,2022-10-13,11.18000,11.62000,10.10000,11.27000,21000
117,2022-10-12,10.75000,11.50000,10.14000,11.20000,12600
118,2022-10-11,11.61000,11.61000,9.47000,10.68000,11500
119,2022-10-10,11.75000,11.75000,11.29000,11.40000,3500
120,2022-10-06,11.58000,11.58000,11.51000,11.51000,6400
121,2022-10-05,11.51000,11.51000,11.51000,11.51000,1700
122,2022-10-04,11.37000,11.51000,11.37000,11.51000,1300
123,2022-10-03,11.29000,11.29000,11.29000,11.29000,200
124,2022-09-30,11.30000,11.30000,11.27000,11.27000,900
125,2022-09-29,11.59000,11.59000,11.26000,11.26000,700
126,2022-09-28,11.78000,12.20000,11.40000,11.51000,7700
127,2022-09-27,11.57000,11.80000,11.48000,11.51000,3700
128,2022-09-26,12.58000,12.58000,11.68000,11.81000,4700
129,2022-09-23,11.54000,12.29000,11.28000,12.29000,10600
130,2022-09-22,11.55000,11.87000,11.27000,11.77000,6200
131,2022-09-21,11.68000,11.68000,11.68000,11.68000,500
132,2022-09-20,11.58000,11.71000,11.11000,11.71000,8000
133,2022-09-19,11.44000,11.84000,11.44000,11.84000,2800
134,2022-09-16,11.35000,11.44000,11.35000,11.44000,4900
135,2022-09-15,11.31000,11.35000,11.31000,11.35000,1200
136,2022-09-14,11.13000,11.37000,11.13000,11.37000,1400
137,2022-09-13,11.11000,11.39000,11.11000,11.39000,1400
138,2022-09-12,11.11000,11.11000,11.11000,11.11000,500
139,2022-09-09,11.11000,11.11000,11.11000,11.11000,800
140,2022-09-08,11.11000,11.11000,11.10000,11.10000,2400
141,2022-09-07,11.10000,11.20000,11.10000,11.15000,1800
142,2022-09-06,11.10000,11.11000,11.10000,11.11000,4900
143,2022-09-02,11.05000,11.10000,11.05000,11.05000,1400
144,2022-09-01,11.16000,11.16000,11.08000,11.08000,1400
145,2022-08-31,11.09000,11.09000,11.09000,11.09000,300
146,2022-08-30,11.30000,11.30000,11.06000,11.06000,2800
147,2022-08-29,11.05000,11.30000,11.05000,11.30000,2400
148,2022-08-25,11.04000,11.11000,11.04000,11.05000,11000
149,2022-08-24,11.01000,11.01000,11.01000,11.01000,3100
150,2022-08-23,11.01000,11.02000,10.99000,11.02000,5100
151,2022-08-22,11.14000,11.14000,11.01000,11.01000,6300
152,2022-08-19,11.05000,11.10000,11.01000,11.10000,1800
153,2022-08-16,11.01000,11.38000,10.99000,11.38000,6600
154,2022-08-09,11.39000,11.39000,11.02000,11.02000,300
155,2022-08-08,11.01000,11.01000,11.01000,11.01000,5700
156,2022-08-05,11.01000,11.02000,11.01000,11.02000,5200
157,2022-08-04,11.12000,11.12000,11.01000,11.01000,2000
158,2022-08-03,11.30000,11.30000,11.02000,11.02000,3500
159,2022-08-02,11.27000,11.36000,11.27000,11.28000,2600
160,2022-08-01,11.06000,11.06000,11.06000,11.06000,700
161,2022-07-29,11.11000,11.11000,11.11000,11.11000,700
162,2022-07-27,11.01000,11.01000,11.01000,11.01000,400
163,2022-07-26,10.52000,11.07000,10.52000,10.60000,7200
164,2022-07-25,11.10000,11.10000,10.71000,10.71000,1300
165,2022-07-22,11.01000,11.01000,11.01000,11.01000,10500
166,2022-07-21,11.01000,11.01000,11.00000,11.01000,11500
167,2022-07-20,11.01000,11.10000,11.01000,11.01000,5200
168,2022-07-19,11.01000,11.01000,11.01000,11.01000,5500
169,2022-07-18,10.97000,10.97000,10.97000,10.97000,500
170,2022-07-14,10.62000,10.62000,10.62000,10.62000,300
171,2022-07-13,11.10000,11.10000,11.10000,11.10000,500
172,2022-07-12,10.94000,10.94000,10.94000,10.94000,0
173,2022-07-11,10.66000,10.94000,10.66000,10.94000,2300
174,2022-07-08,10.64000,10.77000,10.64000,10.77000,300
175,2022-07-07,10.55000,10.55000,10.55000,10.55000,0
176,2022-07-06,11.10000,11.10000,10.55000,10.55000,3100
177,2022-07-05,11.31000,11.31000,10.84000,11.06000,3100
178,2022-07-01,11.30000,11.30000,11.30000,11.30000,3000
179,2022-06-30,11.20000,11.25000,11.20000,11.25000,1300
180,2022-06-29,11.10000,11.10000,11.10000,11.10000,0
181,2022-06-28,11.10000,11.10000,11.10000,11.10000,0
182,2022-06-27,11.10000,11.10000,11.10000,11.10000,500
183,2022-06-24,10.98000,10.98000,10.98000,10.98000,0
184,2022-06-23,10.98000,10.98000,10.98000,10.98000,600
185,2022-06-22,10.87000,10.87000,10.87000,10.87000,0
186,2022-06-21,10.87000,10.89000,10.87000,10.87000,2000
187,2022-06-17,11.38000,11.38000,11.38000,11.38000,700
188,2022-06-16,11.09000,11.09000,11.09000,11.09000,400
189,2022-06-15,11.00000,11.00000,10.70000,10.99000,1500
190,2022-06-14,10.82000,10.82000,10.82000,10.82000,400
191,2022-06-13,10.61000,11.33000,10.61000,11.33000,3600
192,2022-06-10,11.00000,11.00000,11.00000,11.00000,300
193,2022-06-09,10.96000,10.99000,10.96000,10.99000,800
194,2022-06-08,10.69000,10.69000,10.69000,10.69000,200
195,2022-06-07,11.47000,11.47000,10.75000,10.75000,2400
196,2022-06-06,11.34000,11.34000,11.15000,11.15000,900
197,2022-06-03,10.65000,11.23000,10.65000,11.21000,2800
198,2022-06-02,10.86000,11.35000,10.64000,10.69000,3800
199,2022-06-01,10.87000,10.87000,10.87000,10.87000,0
200,2022-05-31,10.87000,10.87000,10.87000,10.87000,400
201,2022-05-27,10.59000,10.64000,10.59000,10.64000,1300
202,2022-05-26,11.20000,11.39000,10.52000,10.52000,1300
203,2022-05-25,10.95000,11.35000,10.86000,11.16000,7700
204,2022-05-24,10.75000,10.75000,10.75000,10.75000,0
205,2022-05-23,10.75000,10.75000,10.75000,10.75000,0
206,2022-05-20,11.00000,11.44000,10.51000,10.75000,8400
207,2022-05-19,11.44000,11.44000,11.44000,11.44000,0
208,2022-05-18,11.41000,11.44000,11.41000,11.44000,800
209,2022-05-17,11.10000,11.34000,10.95000,10.95000,1200
210,2022-05-16,10.95000,10.95000,10.95000,10.95000,0
211,2022-05-13,10.65000,10.95000,10.60000,10.95000,1300
212,2022-05-12,10.70000,10.82000,10.69000,10.82000,5200
213,2022-05-11,10.64000,10.64000,10.64000,10.64000,0
214,2022-05-10,10.60000,10.64000,10.60000,10.64000,600
215,2022-05-09,10.60000,10.60000,10.60000,10.60000,300
216,2022-05-06,10.60000,10.60000,10.60000,10.60000,0
217,2022-05-05,10.65000,10.67000,10.60000,10.60000,1400
218,2022-05-04,10.60000,10.60000,10.60000,10.60000,0
219,2022-05-03,10.30000,10.60000,10.30000,10.60000,1300
220,2022-05-02,11.01000,11.02000,10.58000,10.58000,5000
221,2022-04-29,11.10000,11.10000,11.01000,11.03000,1100
222,2022-04-28,11.09000,11.10000,11.06000,11.09000,900
223,2022-04-27,11.01000,11.08000,11.01000,11.02000,1300
224,2022-04-26,11.01000,11.01000,11.01000,11.01000,200
225,2022-04-25,10.99000,11.25000,10.99000,11.07000,1100
226,2022-04-22,10.72000,10.99000,10.66000,10.99000,2800
227,2022-04-21,10.64000,10.79000,10.56000,10.56000,2400
228,2022-04-20,10.55000,10.57000,10.55000,10.56000,2300
229,2022-04-19,10.32000,10.72000,10.32000,10.51000,2500
230,2022-04-18,11.43000,11.43000,10.47000,10.47000,4500
231,2022-04-14,12.00000,12.27000,11.22000,11.61000,7800
232,2022-04-13,12.11000,12.11000,12.01000,12.01000,2000
233,2022-04-12,12.07000,12.20000,12.01000,12.01000,700
234,2022-04-11,12.95000,12.95000,12.04000,12.04000,1100
235,2022-04-08,13.15000,13.15000,13.15000,13.15000,200
236,2022-04-07,13.21000,13.57000,13.21000,13.56000,2500
237,2022-04-06,13.21000,13.27000,13.21000,13.21000,1800
238,2022-04-05,13.74000,14.04000,13.01000,13.21000,46900
239,2022-04-04,14.21000,14.56000,13.62000,13.81000,19700
240,2022-04-01,14.89000,14.90000,13.50000,14.21000,33300
241,2022-03-31,14.70000,14.70000,14.65000,14.65000,500
242,2022-03-30,14.89000,14.89000,14.89000,14.89000,0
243,2022-03-29,14.77000,14.89000,14.51000,14.89000,2800
244,2022-03-28,14.85000,14.89000,14.70000,14.70000,4800
245,2022-03-25,14.81000,14.86000,14.70000,14.85000,1900
246,2022-03-24,14.62000,14.62000,14.62000,14.62000,800
247,2022-03-23,14.90000,14.90000,14.80000,14.80000,1800
248,2022-03-22,14.88000,14.90000,14.82000,14.90000,3000
249,2022-03-21,14.90000,14.90000,14.57000,14.77000,2800
250,2022-03-18,14.81000,14.81000,14.65000,14.80000,5100
251,2022-03-17,14.50000,14.90000,14.50000,14.51000,13700
252,2022-03-16,14.43000,14.55000,14.39000,14.39000,2000
253,2022-03-15,14.29000,14.37000,14.29000,14.31000,4000
254,2022-03-14,14.26000,14.37000,14.26000,14.26000,2900
255,2022-03-11,14.50000,14.50000,14.01000,14.26000,4300
256,2022-03-10,14.31000,14.48000,14.07000,14.48000,500
257,2022-03-09,14.50000,14.50000,14.18000,14.45000,3000
258,2022-03-08,13.80000,14.10000,13.80000,14.01000,1800
259,2022-03-07,14.40000,14.40000,13.68000,13.87000,7400
260,2022-03-04,14.26000,14.38000,14.26000,14.26000,5000
261,2022-03-03,14.38000,14.55000,14.26000,14.26000,8400
262,2022-03-02,14.17000,14.35000,14.01000,14.35000,7200
263,2022-03-01,14.01000,14.01000,14.01000,14.01000,700
264,2022-02-28,13.85000,13.90000,13.53000,13.85000,5200
265,2022-02-25,14.12000,14.12000,13.85000,14.01000,2000
266,2022-02-24,14.01000,14.25000,14.01000,14.01000,5300
267,2022-02-23,14.25000,14.48000,14.01000,14.03000,24700
268,2022-02-22,14.37000,14.50000,14.19000,14.19000,1200
269,2022-02-18,14.32000,14.32000,14.16000,14.16000,500
270,2022-02-17,14.00000,14.00000,13.99000,13.99000,3400
271,2022-02-16,13.95000,14.16000,13.85000,13.99000,1500
272,2022-02-15,14.25000,14.33000,13.99000,13.99000,2400
273,2022-02-14,14.21000,14.60000,14.01000,14.25000,12900
274,2022-02-11,13.87000,14.32000,13.87000,14.30000,2200
275,2022-02-10,13.90000,13.90000,13.86000,13.86000,500
276,2022-02-09,14.37000,14.49000,14.25000,14.49000,2700
277,2022-02-08,14.05000,14.59000,14.05000,14.35000,4300
278,2022-02-07,14.15000,14.15000,13.85000,14.08000,1900
279,2022-02-04,13.55000,14.27000,13.55000,14.15000,4600
280,2022-02-03,13.82000,13.82000,13.56000,13.60000,3300
281,2022-02-02,13.90000,14.05000,13.51000,13.55000,6700
282,2022-02-01,13.55000,13.90000,13.51000,13.90000,2200
283,2022-01-31,13.55000,13.66000,13.19000,13.20000,3900
284,2022-01-28,12.87000,13.01000,11.77000,13.01000,10400
285,2022-01-27,13.51000,13.74000,12.54000,12.84000,16200
286,2022-01-26,13.50000,13.81000,13.50000,13.67000,10900
287,2022-01-25,13.51000,13.90000,13.47000,13.47000,12900
288,2022-01-24,14.20000,14.60000,13.18000,13.50000,8100
289,2022-01-21,13.90000,14.37000,13.90000,14.19000,5700
290,2022-01-20,14.03000,14.25000,13.78000,14.04000,2600
291,2022-01-19,14.28000,14.28000,14.03000,14.03000,1900
292,2022-01-18,14.50000,14.50000,13.78000,14.30000,5100
293,2022-01-14,14.16000,14.84000,13.96000,14.50000,8700
294,2022-01-13,14.07000,14.45000,13.75000,14.26000,10300
295,2022-01-12,14.09000,14.09000,14.00000,14.00000,700
296,2022-01-11,13.11000,14.14000,13.02000,13.82000,8400
297,2022-01-10,14.10000,14.13000,13.23000,13.60000,5100
298,2022-01-07,13.39000,13.54000,13.03000,13.54000,3700
299,2022-01-06,13.27000,13.40000,13.21000,13.40000,1600
300,2022-01-05,13.01000,13.30000,13.01000,13.27000,4600
301,2022-01-04,12.60000,13.30000,12.60000,13.16000,12500
302,2022-01-03,12.68000,12.68000,12.39000,12.60000,4600
303,2021-12-31,12.69000,12.72000,12.67000,12.68000,2700
304,2021-12-30,12.76000,12.96000,12.76000,12.77000,1800
305,2021-12-29,12.80000,13.42000,12.75000,13.42000,11800
306,2021-12-28,13.18000,13.18000,12.80000,13.00000,3200
307,2021-12-27,12.69000,14.00000,12.69000,13.05000,21600
308,2021-12-23,12.75000,13.02000,12.69000,12.69000,1800
309,2021-12-22,12.74000,13.10000,12.71000,12.95000,9000
310,2021-12-21,12.97000,13.50000,12.97000,13.45000,11800
311,2021-12-20,13.25000,13.25000,13.25000,13.25000,500
312,2021-12-17,13.50000,13.50000,13.50000,13.50000,400
313,2021-12-16,13.49000,13.49000,12.59000,12.82000,6300
314,2021-12-15,12.62000,13.34000,12.62000,13.34000,7000
315,2021-12-14,12.69000,12.69000,12.35000,12.35000,2300
316,2021-12-13,12.60000,12.97000,12.49000,12.49000,1400
317,2021-12-10,12.22000,12.22000,12.22000,12.22000,0
318,2021-12-09,12.60000,12.60000,12.22000,12.22000,700
319,2021-12-08,12.62000,12.62000,12.62000,12.62000,0
320,2021-12-07,13.00000,13.03000,12.62000,12.62000,2700
321,2021-12-06,12.99000,13.00000,12.96000,12.96000,1900
322,2021-12-03,12.95000,12.99000,12.36000,12.86000,2600
323,2021-12-02,12.54000,12.54000,12.54000,12.54000,1100
324,2021-12-01,12.99000,13.00000,12.97000,12.98000,5700
325,2021-11-30,12.91000,12.99000,12.47000,12.75000,1100
326,2021-11-29,12.17000,13.00000,12.17000,12.99000,5400
327,2021-11-26,11.94000,12.79000,11.94000,12.22000,3000
328,2021-11-24,12.69000,12.69000,12.69000,12.69000,0
329,2021-11-23,12.34000,12.69000,12.05000,12.69000,14800
330,2021-11-22,12.22000,12.40000,12.18000,12.40000,2500
331,2021-11-19,12.06000,12.06000,12.06000,12.06000,500
332,2021-11-18,11.43000,12.30000,11.34000,12.30000,1300
333,2021-11-17,11.53000,11.53000,11.34000,11.52000,800
334,2021-11-16,11.50000,11.50000,11.09000,11.39000,4000
335,2021-11-15,11.50000,11.50000,11.50000,11.50000,600
336,2021-11-12,11.27000,11.58000,11.27000,11.53000,1000
337,2021-11-11,11.12000,11.12000,11.12000,11.12000,0
338,2021-11-10,11.12000,11.12000,11.12000,11.12000,700
339,2021-11-09,11.68000,11.68000,11.68000,11.68000,0
340,2021-11-08,11.69000,11.69000,11.68000,11.68000,400
341,2021-11-05,11.31000,11.31000,11.31000,11.31000,0
342,2021-11-04,11.31000,11.31000,11.31000,11.31000,0
343,2021-11-03,11.31000,11.31000,11.31000,11.31000,0
344,2021-11-02,11.31000,11.31000,11.31000,11.31000,0
345,2021-11-01,11.31000,11.31000,11.31000,11.31000,0
346,2021-10-29,11.31000,11.31000,11.31000,11.31000,300
347,2021-10-28,11.44000,11.44000,11.44000,11.44000,0
348,2021-10-27,11.44000,11.44000,11.44000,11.44000,0
349,2021-10-26,11.00000,11.44000,10.90000,11.44000,7100
350,2021-10-25,11.66000,11.66000,11.66000,11.66000,0
351,2021-10-22,11.66000,11.66000,11.66000,11.66000,0
352,2021-10-21,11.66000,11.66000,11.66000,11.66000,0
353,2021-10-20,11.66000,11.66000,11.66000,11.66000,0
354,2021-10-19,11.66000,11.66000,11.66000,11.66000,0
355,2021-10-18,11.66000,11.66000,11.66000,11.66000,200
356,2021-10-15,11.78000,11.78000,11.59000,11.78000,2600
357,2021-10-14,12.09000,12.31000,11.42000,12.31000,1400
358,2021-10-13,11.56000,11.56000,11.56000,11.56000,0
359,2021-10-12,11.56000,11.56000,11.56000,11.56000,200
360,2021-10-11,12.06000,12.06000,12.06000,12.06000,500
361,2021-10-08,11.84000,11.84000,11.84000,11.84000,0
362,2021-10-07,11.84000,11.84000,11.84000,11.84000,300
363,2021-10-06,12.08000,12.25000,11.85000,11.92000,2400
364,2021-10-05,12.34000,12.34000,12.34000,12.34000,700
365,2021-10-04,11.88000,11.88000,11.81000,11.81000,700
366,2021-10-01,12.23000,12.23000,11.77000,12.20000,1800
367,2021-09-30,11.66000,12.23000,11.60000,11.61000,3500
368,2021-09-29,11.81000,12.35000,11.81000,12.35000,1000
369,2021-09-28,12.23000,12.23000,12.20000,12.20000,800
370,2021-09-27,12.24000,12.30000,11.50000,12.30000,18100
371,2021-09-24,12.10000,12.25000,11.75000,12.00000,4600
372,2021-09-23,11.96000,11.98000,11.23000,11.55000,1900
373,2021-09-22,11.80000,11.80000,11.58000,11.58000,300
374,2021-09-21,12.35000,12.45000,11.89000,11.89000,9600
375,2021-09-20,11.25000,12.28000,11.25000,12.28000,12300
376,2021-09-17,11.11000,12.00000,11.10000,12.00000,9300
377,2021-09-16,11.20000,11.87000,11.20000,11.65000,2200
378,2021-09-15,11.20000,11.70000,11.20000,11.70000,1500
379,2021-09-14,11.10000,11.84000,11.10000,11.84000,11000
380,2021-09-13,11.11000,11.22000,10.71000,11.17000,1900
381,2021-09-10,11.16000,11.16000,11.11000,11.11000,300
382,2021-09-09,12.00000,12.00000,11.44000,11.60000,2900
383,2021-09-08,11.56000,12.04000,11.05000,11.89000,12100
384,2021-09-07,11.29000,11.85000,10.86000,11.03000,14500
385,2021-09-03,11.80000,11.80000,11.50000,11.50000,800
386,2021-09-02,11.50000,11.85000,11.50000,11.84000,6400
387,2021-09-01,10.77000,11.43000,10.70000,11.43000,2100
388,2021-08-31,11.40000,11.50000,11.05000,11.30000,3800
389,2021-08-30,10.75000,11.36000,10.75000,11.30000,5100
390,2021-08-27,10.69000,11.16000,10.17000,10.74000,13000
391,2021-08-26,10.22000,10.89000,10.22000,10.87000,1100
392,2021-08-25,10.85000,10.90000,10.77000,10.90000,700
393,2021-08-24,10.31000,10.92000,10.07000,10.90000,9600
394,2021-08-23,8.99000,10.80000,8.99000,10.80000,7200
395,2021-08-20,9.40000,9.74000,9.02000,9.74000,8500
396,2021-08-19,9.02000,9.40000,8.97000,9.40000,6000
397,2021-08-18,9.09000,9.59000,8.60000,9.37000,12900
398,2021-08-17,9.19000,9.60000,8.72000,9.24000,13400
399,2021-08-16,9.90000,10.05000,8.72000,9.47000,42300
400,2021-08-13,9.91000,10.31000,9.91000,10.30000,11900
401,2021-08-12,9.42000,9.97000,9.41000,9.97000,3300
402,2021-08-11,9.13000,9.13000,8.67000,8.67000,3600
403,2021-08-10,9.19000,9.49000,8.83000,9.08000,3900
404,2021-08-09,9.28000,9.50000,8.61000,9.50000,5500
405,2021-08-06,8.78000,9.34000,8.66000,9.34000,2200
406,2021-08-05,9.31000,9.33000,9.31000,9.33000,1100
407,2021-08-04,9.15000,9.28000,9.07000,9.28000,4900
408,2021-08-03,8.99000,9.44000,8.63000,9.30000,13400
409,2021-08-02,8.69000,8.99000,8.61000,8.95000,5500
410,2021-07-30,8.17000,8.56000,8.17000,8.56000,2100
411,2021-07-29,8.49000,8.67000,8.12000,8.49000,4700
412,2021-07-28,8.34000,8.34000,8.34000,8.34000,0
413,2021-07-27,8.47000,8.47000,8.34000,8.34000,900
414,2021-07-26,8.39000,8.39000,8.39000,8.39000,0
415,2021-07-23,8.39000,8.39000,8.39000,8.39000,0
416,2021-07-22,8.39000,8.39000,8.39000,8.39000,0
417,2021-07-21,8.39000,8.39000,8.39000,8.39000,400
418,2021-07-20,8.65000,8.65000,8.65000,8.65000,900
419,2021-07-19,8.74000,8.85000,8.70000,8.84000,2800
420,2021-07-16,8.70000,8.79000,8.70000,8.70000,1900
421,2021-07-15,8.73000,8.77000,8.70000,8.70000,500
422,2021-07-14,8.68000,8.68000,8.68000,8.68000,0
423,2021-07-13,8.68000,8.68000,8.68000,8.68000,200
424,2021-07-12,8.59000,8.59000,8.59000,8.59000,0
425,2021-07-09,8.59000,8.59000,8.59000,8.59000,0
426,2021-07-08,8.59000,8.59000,8.59000,8.59000,100
427,2021-07-07,8.68000,8.77000,8.54000,8.54000,400
428,2021-07-06,8.50000,8.53000,8.50000,8.53000,1000
429,2021-07-02,8.08000,8.52000,8.08000,8.50000,1000
430,2021-07-01,8.74000,8.76000,8.73000,8.76000,1200
431,2021-06-30,8.76000,8.76000,8.54000,8.54000,400
432,2021-06-29,8.35000,8.70000,8.12000,8.50000,7400
433,2021-06-28,8.50000,8.50000,8.16000,8.37000,11000
434,2021-06-25,8.56000,8.56000,8.56000,8.56000,0
435,2021-06-24,8.56000,8.56000,8.56000,8.56000,200
436,2021-06-23,8.50000,8.50000,8.50000,8.50000,0
437,2021-06-22,8.57000,8.57000,8.50000,8.50000,2400
438,2021-06-21,8.50000,8.56000,8.50000,8.56000,600
439,2021-06-18,8.50000,8.59000,8.37000,8.59000,3400
440,2021-06-17,8.43000,8.45000,8.27000,8.45000,7200
441,2021-06-16,8.24000,8.24000,8.07000,8.18000,23700
442,2021-06-15,7.75000,7.91000,7.61000,7.91000,16800
443,2021-06-14,8.36000,8.36000,8.36000,8.36000,0
444,2021-06-11,7.76000,8.36000,7.76000,8.36000,3200
445,2021-06-10,8.40000,8.51000,8.40000,8.51000,700
446,2021-06-09,8.63000,8.63000,8.63000,8.63000,0
447,2021-06-08,8.59000,8.63000,8.57000,8.63000,2700
448,2021-06-07,8.30000,8.50000,8.30000,8.50000,9500
449,2021-06-04,8.43000,8.43000,8.35000,8.41000,16400
450,2021-06-03,8.26000,8.49000,8.26000,8.49000,11400
451,2021-06-02,8.22000,8.26000,8.22000,8.24000,2900
452,2021-06-01,7.93000,8.23000,7.89000,8.15000,18100
453,2021-05-28,7.88000,7.88000,7.88000,7.88000,400
454,2021-05-27,7.80000,7.95000,7.80000,7.90000,1300
455,2021-05-26,7.72000,7.94000,7.72000,7.84000,4900
456,2021-05-25,7.42000,7.42000,7.42000,7.42000,300
457,2021-05-24,7.36000,7.36000,7.36000,7.36000,400
458,2021-05-21,7.69000,7.69000,7.33000,7.40000,29000
459,2021-05-20,7.75000,7.75000,7.50000,7.50000,9100
460,2021-05-19,7.72000,7.72000,7.72000,7.72000,500
461,2021-05-18,7.78000,7.78000,7.78000,7.78000,500
462,2021-05-17,7.74000,7.93000,7.74000,7.83000,2600
463,2021-05-14,7.69000,7.69000,7.51000,7.51000,5500
464,2021-05-13,7.92000,7.92000,7.68000,7.68000,300
465,2021-05-12,7.68000,7.68000,7.68000,7.68000,400
466,2021-05-11,7.67000,7.67000,7.67000,7.67000,0
467,2021-05-10,7.67000,7.67000,7.67000,7.67000,0
468,2021-05-07,7.67000,7.67000,7.67000,7.67000,300
469,2021-05-06,7.78000,7.78000,7.78000,7.78000,500
470,2021-05-05,7.96000,7.98000,7.96000,7.98000,600
471,2021-05-04,7.67000,7.85000,7.67000,7.85000,8800
472,2021-05-03,7.89000,7.89000,7.89000,7.89000,1000
473,2021-04-30,8.12000,8.12000,8.12000,8.12000,400
474,2021-04-29,7.98000,7.98000,7.98000,7.98000,0
475,2021-04-28,7.98000,7.98000,7.98000,7.98000,0
476,2021-04-27,7.98000,7.98000,7.98000,7.98000,600
477,2021-04-26,7.84000,8.09000,7.70000,7.86000,7600
478,2021-04-23,7.90000,7.92000,7.80000,7.89000,1400
479,2021-04-22,7.73000,7.93000,7.65000,7.93000,400
480,2021-04-21,7.57000,7.72000,7.56000,7.72000,700
481,2021-04-20,7.93000,7.93000,7.57000,7.67000,800
482,2021-04-19,8.02000,8.02000,7.54000,7.56000,3600
483,2021-04-16,8.05000,8.23000,7.61000,7.63000,16400
484,2021-04-15,8.24000,8.24000,7.90000,7.94000,8200
485,2021-04-14,8.25000,8.25000,8.25000,8.25000,200
486,2021-04-13,8.15000,8.25000,8.00000,8.25000,3000
487,2021-04-12,8.29000,8.29000,8.29000,8.29000,200
488,2021-04-09,8.23000,8.35000,8.15000,8.23000,3200
489,2021-04-08,8.33000,8.34000,8.15000,8.33000,3200
490,2021-04-07,8.35000,8.35000,8.35000,8.35000,800
491,2021-04-06,8.50000,8.50000,8.47000,8.47000,600
492,2021-04-05,8.24000,8.56000,8.24000,8.33000,2400
493,2021-04-01,8.58000,8.58000,8.20000,8.24000,20500
494,2021-03-31,8.80000,8.85000,8.57000,8.57000,5100
495,2021-03-30,8.88000,8.88000,8.88000,8.88000,0
496,2021-03-29,8.70000,8.88000,8.70000,8.88000,800
497,2021-03-26,8.76000,8.80000,8.76000,8.80000,600
498,2021-03-25,8.75000,8.81000,8.70000,8.81000,2300
499,2021-03-24,8.80000,8.80000,8.80000,8.80000,300
500,2021-03-23,8.87000,8.87000,8.87000,8.87000,300
501,2021-03-22,8.85000,8.86000,8.85000,8.86000,600
502,2021-03-19,9.00000,9.00000,8.99000,9.00000,1000
503,2021-03-18,9.10000,9.10000,9.00000,9.04000,1900
504,2021-03-17,8.80000,8.80000,8.80000,8.80000,300
505,2021-03-16,9.09000,9.09000,9.09000,9.09000,600
506,2021-03-15,8.75000,9.01000,8.75000,8.80000,1800
507,2021-03-12,8.70000,8.70000,8.70000,8.70000,400
508,2021-03-11,8.68000,8.80000,8.65000,8.79000,3300
509,2021-03-10,8.93000,8.94000,8.88000,8.88000,800
510,2021-03-09,8.70000,8.85000,8.70000,8.77000,900
511,2021-03-08,8.78000,8.89000,8.78000,8.89000,800
512,2021-03-05,9.08000,9.09000,8.75000,8.90000,2200
513,2021-03-04,8.92000,9.04000,8.92000,9.04000,5800
514,2021-03-03,8.68000,8.68000,8.68000,8.68000,300
515,2021-03-02,8.70000,8.70000,8.70000,8.70000,500
516,2021-03-01,8.66000,8.75000,8.66000,8.67000,4100
517,2021-02-26,8.89000,8.89000,8.71000,8.71000,800
518,2021-02-25,9.09000,9.09000,8.90000,8.90000,1300
519,2021-02-24,8.94000,9.09000,8.88000,9.09000,2400
520,2021-02-23,9.12000,9.12000,9.10000,9.10000,800
521,2021-02-22,9.34000,9.38000,9.20000,9.22000,6800
522,2021-02-19,9.23000,9.40000,9.20000,9.30000,2800
523,2021-02-18,9.20000,9.35000,9.20000,9.35000,1800
524,2021-02-17,9.05000,9.23000,9.05000,9.23000,1500
525,2021-02-16,8.98000,9.44000,8.96000,9.37000,2100
526,2021-02-12,9.19000,9.25000,8.96000,8.96000,800
527,2021-02-11,9.30000,9.30000,9.20000,9.24000,1400
528,2021-02-10,9.20000,9.40000,9.14000,9.14000,2300
529,2021-02-09,8.99000,9.03000,8.99000,9.03000,1500
530,2021-02-08,8.71000,9.00000,8.71000,9.00000,1700
531,2021-02-05,8.69000,8.88000,8.63000,8.70000,14300
532,2021-02-04,8.81000,8.81000,8.80000,8.80000,1000
533,2021-02-03,9.19000,9.19000,8.80000,8.80000,2600
534,2021-02-02,9.15000,9.39000,9.15000,9.20000,12100
535,2021-02-01,9.05000,9.12000,8.80000,9.09000,3200
536,2021-01-29,8.84000,9.05000,8.46000,9.05000,6300
537,2021-01-28,8.48000,8.95000,8.48000,8.95000,1900
538,2021-01-27,8.75000,8.97000,8.55000,8.55000,3000
539,2021-01-26,8.98000,8.98000,8.98000,8.98000,300
540,2021-01-25,8.81000,8.81000,8.80000,8.80000,1000
541,2021-01-22,8.58000,8.60000,8.58000,8.60000,400
542,2021-01-21,8.58000,8.70000,8.55000,8.70000,3500
543,2021-01-20,8.56000,8.77000,8.56000,8.56000,400
544,2021-01-19,8.56000,8.56000,8.56000,8.56000,800
545,2021-01-15,8.55000,8.65000,8.55000,8.65000,6700
546,2021-01-14,8.26000,8.45000,8.25000,8.45000,4700
547,2021-01-13,8.29000,8.29000,8.29000,8.29000,0
548,2021-01-12,8.10000,8.29000,8.10000,8.29000,1000
549,2021-01-11,8.07000,8.15000,8.05000,8.11000,4100
550,2021-01-08,8.07000,8.29000,8.06000,8.15000,3000
551,2021-01-07,8.27000,8.28000,8.27000,8.28000,2100
552,2021-01-06,8.32000,8.39000,8.10000,8.10000,600
553,2021-01-05,8.26000,8.38000,8.22000,8.22000,1200
554,2021-01-04,8.48000,8.48000,8.06000,8.06000,2200
555,2020-12-31,8.42000,8.49000,8.03000,8.49000,10700
556,2020-12-30,7.94000,8.65000,7.94000,8.50000,11700
557,2020-12-29,7.78000,8.00000,7.78000,7.84000,11500
558,2020-12-28,7.79000,7.79000,7.61000,7.62000,11900
559,2020-12-24,7.63000,7.69000,7.58000,7.69000,4900
560,2020-12-23,7.71000,7.75000,7.58000,7.58000,10900
561,2020-12-22,7.77000,7.77000,7.60000,7.70000,3300
562,2020-12-21,7.70000,7.79000,7.60000,7.68000,3000
563,2020-12-18,7.67000,7.78000,7.64000,7.70000,5500
564,2020-12-17,7.65000,7.65000,7.58000,7.58000,600
565,2020-12-16,7.50000,7.67000,7.50000,7.67000,2900
566,2020-12-15,7.65000,7.65000,7.50000,7.50000,1100
567,2020-12-14,7.55000,7.60000,7.53000,7.55000,2300
568,2020-12-11,7.51000,7.54000,7.50000,7.51000,2400
569,2020-12-10,7.58000,7.60000,7.54000,7.56000,1600
570,2020-12-09,7.50000,7.60000,7.50000,7.60000,4200
571,2020-12-08,7.50000,7.71000,7.50000,7.60000,2100
572,2020-12-07,7.65000,7.82000,7.50000,7.55000,4300
573,2020-12-04,7.50000,7.60000,7.50000,7.60000,8800
574,2020-12-03,7.45000,7.49000,7.43000,7.49000,9000
575,2020-12-02,7.40000,7.71000,7.40000,7.48000,1900
576,2020-12-01,7.21000,7.62000,7.21000,7.40000,1700
577,2020-11-30,7.25000,7.25000,7.19000,7.20000,1100
578,2020-11-27,7.25000,7.65000,7.10000,7.22000,4600
579,2020-11-25,7.11000,7.28000,7.11000,7.25000,5100
580,2020-11-24,7.27000,7.50000,7.15000,7.15000,12500
581,2020-11-23,7.39000,7.39000,7.16000,7.16000,2300
582,2020-11-20,7.36000,7.36000,7.15000,7.15000,2000
583,2020-11-19,7.53000,7.53000,7.31000,7.36000,5400
584,2020-11-18,7.33000,7.33000,7.33000,7.33000,700
585,2020-11-17,7.66000,7.87000,7.35000,7.36000,5900
586,2020-11-16,7.87000,8.04000,7.30000,7.34000,25300
587,2020-11-13,8.56000,8.56000,8.56000,8.56000,0
588,2020-11-12,8.55000,8.56000,8.55000,8.56000,500
589,2020-11-11,8.50000,8.50000,8.50000,8.50000,300
590,2020-11-10,8.63000,8.63000,8.63000,8.63000,600
591,2020-11-09,8.70000,8.70000,8.60000,8.66000,1300
592,2020-11-06,8.55000,8.55000,8.55000,8.55000,0
593,2020-11-05,8.55000,8.55000,8.55000,8.55000,1200
594,2020-11-04,8.25000,8.25000,8.25000,8.25000,800
595,2020-11-03,8.57000,8.57000,8.31000,8.31000,400
596,2020-11-02,8.38000,8.38000,8.38000,8.38000,0
597,2020-10-30,8.38000,8.38000,8.38000,8.38000,0
598,2020-10-29,8.38000,8.38000,8.38000,8.38000,0
599,2020-10-28,8.39000,8.39000,8.38000,8.38000,600
600,2020-10-27,8.44000,8.44000,8.44000,8.44000,200
601,2020-10-26,8.24000,8.44000,8.15000,8.44000,1200
602,2020-10-23,8.20000,8.20000,8.20000,8.20000,200
603,2020-10-22,8.21000,8.21000,8.20000,8.20000,2600
604,2020-10-21,8.24000,8.24000,8.18000,8.18000,1000
605,2020-10-20,8.33000,8.33000,8.16000,8.16000,300
606,2020-10-19,8.12000,8.15000,8.12000,8.15000,500
607,2020-10-16,8.57000,8.57000,8.40000,8.40000,2100
608,2020-10-15,8.60000,8.60000,8.47000,8.47000,2600
609,2020-10-14,8.68000,8.68000,8.66000,8.66000,900
610,2020-10-13,8.50000,8.60000,8.23000,8.60000,1700
611,2020-10-12,8.63000,8.75000,8.50000,8.50000,1200
612,2020-10-09,8.52000,8.63000,8.50000,8.50000,3200
613,2020-10-08,8.16000,8.73000,8.06000,8.48000,6200
614,2020-10-07,7.92000,7.92000,7.92000,7.92000,0
615,2020-10-06,8.00000,8.22000,7.92000,7.92000,4600
616,2020-10-05,7.80000,7.90000,7.80000,7.90000,5100
617,2020-10-02,7.94000,7.94000,7.90000,7.90000,400
618,2020-10-01,8.00000,8.00000,7.75000,7.90000,4500
619,2020-09-30,7.76000,7.98000,7.75000,7.79000,4000
620,2020-09-29,8.00000,8.02000,7.80000,7.80000,5300
621,2020-09-28,7.76000,7.90000,7.76000,7.89000,3800
622,2020-09-25,7.90000,7.90000,7.90000,7.90000,0
623,2020-09-24,8.00000,8.00000,7.86000,7.90000,2800
624,2020-09-23,7.91000,7.91000,7.86000,7.86000,400
625,2020-09-22,7.86000,7.86000,7.75000,7.75000,2400
626,2020-09-21,8.13000,8.13000,7.85000,7.85000,900
627,2020-09-18,8.45000,8.65000,7.56000,7.56000,7600
628,2020-09-17,8.63000,8.80000,8.49000,8.49000,2600
629,2020-09-16,8.87000,8.87000,8.84000,8.84000,1800
630,2020-09-15,8.87000,8.87000,8.85000,8.85000,500
631,2020-09-14,8.31000,8.59000,8.30000,8.59000,1600
632,2020-09-11,8.65000,8.90000,8.65000,8.85000,400
633,2020-09-10,8.65000,8.65000,8.65000,8.65000,500
634,2020-09-09,8.45000,8.70000,8.45000,8.70000,700
635,2020-09-08,8.22000,8.59000,8.21000,8.59000,2900
636,2020-09-04,8.50000,8.50000,8.08000,8.49000,7400
637,2020-09-03,8.62000,8.90000,8.57000,8.85000,7100
638,2020-09-02,8.44000,8.63000,8.40000,8.62000,2300
639,2020-09-01,8.32000,8.40000,7.92000,8.02000,1500
640,2020-08-31,8.25000,8.49000,8.13000,8.32000,3900
641,2020-08-28,8.01000,8.27000,8.01000,8.25000,2700
642,2020-08-27,7.85000,8.00000,7.73000,7.89000,1800
643,2020-08-26,8.26000,8.28000,7.35000,7.80000,14400
644,2020-08-25,8.72000,8.72000,8.72000,8.72000,0
645,2020-08-24,8.70000,8.72000,8.62000,8.72000,900
646,2020-08-21,8.86000,8.86000,8.49000,8.49000,2700
647,2020-08-20,8.87000,8.87000,8.87000,8.87000,200
648,2020-08-19,8.72000,8.86000,8.72000,8.76000,2700
649,2020-08-18,8.90000,8.90000,8.71000,8.71000,900
650,2020-08-17,8.74000,8.99000,8.74000,8.91000,1500
651,2020-08-14,9.31000,9.48000,9.31000,9.32000,1400
652,2020-08-13,9.09000,9.34000,9.01000,9.19000,12700
653,2020-08-12,8.75000,8.91000,8.75000,8.85000,1400
654,2020-08-11,8.85000,8.92000,8.72000,8.82000,3700
655,2020-08-10,8.69000,8.90000,8.65000,8.90000,2800
656,2020-08-07,8.80000,8.85000,8.70000,8.70000,3400
657,2020-08-06,8.67000,8.67000,8.67000,8.67000,0
658,2020-08-05,8.53000,8.80000,8.35000,8.67000,6200
659,2020-08-04,8.75000,8.85000,8.75000,8.80000,3800
660,2020-08-03,8.82000,8.90000,8.15000,8.80000,11900
661,2020-07-31,8.21000,8.21000,8.21000,8.21000,0
662,2020-07-30,8.13000,8.24000,8.00000,8.21000,3400
663,2020-07-29,7.87000,8.21000,7.87000,8.00000,4500
664,2020-07-28,8.00000,8.32000,8.00000,8.00000,2400
665,2020-07-27,7.95000,7.98000,7.95000,7.97000,7100
666,2020-07-24,7.70000,7.70000,7.40000,7.44000,4600
667,2020-07-23,7.77000,7.77000,7.77000,7.77000,1000
668,2020-07-22,7.85000,7.85000,7.85000,7.85000,0
669,2020-07-21,7.97000,7.97000,7.73000,7.85000,1200
670,2020-07-20,7.56000,8.38000,7.56000,7.61000,1400
671,2020-07-17,8.05000,8.31000,7.86000,7.86000,2900
672,2020-07-16,8.21000,8.41000,8.00000,8.20000,2800
673,2020-07-15,7.79000,7.99000,7.75000,7.99000,700
674,2020-07-14,7.38000,7.72000,7.38000,7.52000,700
675,2020-07-13,7.50000,7.99000,7.50000,7.63000,5700
676,2020-07-10,7.46000,7.46000,7.42000,7.44000,600
677,2020-07-09,7.35000,7.53000,7.35000,7.41000,6900
678,2020-07-08,7.50000,7.52000,7.31000,7.36000,3300
679,2020-07-07,7.50000,7.50000,7.31000,7.31000,1900
680,2020-07-06,7.62000,7.67000,7.60000,7.60000,1700
681,2020-07-02,7.59000,7.59000,7.47000,7.59000,800
682,2020-07-01,7.50000,7.53000,7.29000,7.50000,7800
683,2020-06-30,7.53000,7.60000,7.52000,7.60000,1300
684,2020-06-29,7.60000,7.69000,7.52000,7.55000,2800
685,2020-06-26,7.58000,7.89000,7.52000,7.52000,3500
686,2020-06-25,7.52000,7.52000,7.52000,7.52000,0
687,2020-06-24,7.51000,7.52000,7.51000,7.52000,600
688,2020-06-23,7.60000,7.81000,7.52000,7.52000,2200
689,2020-06-22,8.37000,8.37000,7.91000,7.91000,3800
690,2020-06-19,8.46000,8.46000,8.10000,8.10000,700
691,2020-06-18,8.26000,8.28000,8.03000,8.03000,3000
692,2020-06-17,8.90000,8.90000,8.51000,8.51000,700
693,2020-06-16,8.86000,8.90000,8.68000,8.80000,9100
694,2020-06-15,8.44000,8.66000,8.24000,8.57000,1200
695,2020-06-12,8.89000,8.89000,8.52000,8.74000,1100
696,2020-06-11,8.71000,8.71000,8.00000,8.53000,3000
697,2020-06-10,8.78000,8.78000,8.66000,8.74000,2500
698,2020-06-09,8.25000,8.76000,8.25000,8.72000,2100
699,2020-06-08,8.62000,8.77000,8.42000,8.47000,2600
700,2020-06-05,8.43000,8.69000,8.43000,8.44000,500
701,2020-06-04,8.12000,8.32000,7.96000,8.32000,2500
702,2020-06-03,8.48000,8.48000,7.91000,7.99000,4400
703,2020-06-02,7.90000,8.44000,7.90000,8.44000,1800
704,2020-06-01,7.85000,8.43000,7.85000,8.43000,1000
705,2020-05-29,7.84000,7.84000,7.80000,7.80000,500
706,2020-05-28,8.00000,8.24000,8.00000,8.24000,1600
707,2020-05-27,8.12000,8.24000,8.00000,8.00000,2400
708,2020-05-26,8.00000,8.24000,7.65000,7.95000,1700
709,2020-05-22,7.84000,7.84000,7.84000,7.84000,1600
710,2020-05-21,7.93000,7.93000,7.93000,7.93000,0
711,2020-05-20,7.93000,7.93000,7.93000,7.93000,0
712,2020-05-19,7.93000,7.93000,7.93000,7.93000,300
713,2020-05-18,8.24000,8.24000,7.36000,7.95000,5000
714,2020-05-15,7.19000,7.80000,7.19000,7.80000,6500
715,2020-05-14,8.44000,8.45000,7.07000,7.46000,34200
716,2020-05-13,6.50000,8.43000,6.50000,8.43000,51100
717,2020-05-12,6.50000,6.50000,6.50000,6.50000,0
718,2020-05-11,6.50000,6.50000,6.50000,6.50000,500
719,2020-05-08,6.33000,6.33000,6.33000,6.33000,400
720,2020-05-07,6.55000,6.55000,6.36000,6.36000,400
721,2020-05-06,6.69000,6.75000,6.50000,6.50000,2900
722,2020-05-05,6.98000,6.99000,6.76000,6.79000,1800
723,2020-05-04,6.72000,6.72000,6.72000,6.72000,0
724,2020-05-01,6.90000,6.90000,6.72000,6.72000,2500
725,2020-04-30,6.91000,6.91000,6.90000,6.90000,1100
726,2020-04-29,6.81000,7.17000,6.80000,7.17000,2900
727,2020-04-28,7.07000,7.07000,6.72000,6.72000,300
728,2020-04-27,7.12000,7.13000,6.75000,6.95000,1800
729,2020-04-24,7.00000,7.22000,7.00000,7.22000,700
730,2020-04-23,7.00000,7.10000,7.00000,7.10000,3700
731,2020-04-22,7.05000,7.05000,7.05000,7.05000,400
732,2020-04-21,7.20000,7.20000,7.20000,7.20000,0
733,2020-04-20,7.08000,7.20000,7.08000,7.20000,1400
734,2020-04-17,7.11000,7.11000,7.11000,7.11000,0
735,2020-04-16,7.36000,7.36000,7.11000,7.11000,1700
736,2020-04-15,7.41000,7.41000,7.00000,7.10000,3400
737,2020-04-14,7.36000,7.88000,7.36000,7.88000,2800
738,2020-04-13,7.00000,7.45000,7.00000,7.13000,1800
739,2020-04-09,6.60000,6.99000,6.60000,6.96000,4400
740,2020-04-08,6.25000,6.25000,6.25000,6.25000,0
741,2020-04-07,6.30000,6.30000,6.25000,6.25000,900
742,2020-04-06,6.39000,6.57000,6.39000,6.57000,1700
743,2020-04-03,6.43000,6.43000,6.43000,6.43000,0
744,2020-04-02,6.50000,6.50000,6.36000,6.43000,800
745,2020-04-01,6.77000,6.77000,6.57000,6.57000,500
746,2020-03-31,6.79000,6.79000,6.79000,6.79000,400
747,2020-03-30,6.10000,7.24000,6.10000,6.72000,5300
748,2020-03-27,5.96000,5.96000,5.96000,5.96000,0
749,2020-03-26,6.40000,6.50000,5.95000,5.96000,11900
750,2020-03-25,6.43000,6.43000,6.01000,6.12000,3100
751,2020-03-24,6.27000,6.33000,6.00000,6.33000,3200
752,2020-03-23,6.00000,6.00000,5.40000,6.00000,12500
753,2020-03-20,6.41000,6.41000,6.00000,6.26000,3100
754,2020-03-19,6.70000,6.70000,5.97000,6.00000,19700
755,2020-03-18,6.90000,6.90000,6.80000,6.80000,2400
756,2020-03-17,7.50000,7.50000,7.15000,7.15000,2200
757,2020-03-16,7.80000,7.80000,6.80000,7.00000,5600
758,2020-03-13,8.26000,8.26000,7.56000,7.97000,27300
759,2020-03-12,8.11000,8.30000,8.03000,8.03000,800
760,2020-03-11,9.11000,9.11000,8.30000,8.37000,1800
761,2020-03-10,9.15000,9.35000,9.00000,9.11000,3500
762,2020-03-09,8.97000,9.39000,8.97000,9.15000,9600
763,2020-03-06,9.38000,9.39000,9.38000,9.39000,600
764,2020-03-05,9.17000,9.45000,9.03000,9.45000,2000
765,2020-03-04,9.60000,9.60000,9.35000,9.35000,4000
766,2020-03-03,10.17000,10.18000,9.70000,9.70000,3000
767,2020-03-02,9.93000,9.93000,9.41000,9.68000,1500
768,2020-02-28,9.25000,9.66000,9.23000,9.66000,500
769,2020-02-27,9.69000,9.71000,9.20000,9.20000,4700
770,2020-02-26,10.02000,10.40000,9.63000,9.85000,5000
771,2020-02-25,10.15000,10.15000,10.15000,10.15000,400
772,2020-02-24,10.09000,10.09000,10.09000,10.09000,500
773,2020-02-21,10.20000,10.20000,10.20000,10.20000,0
774,2020-02-20,10.20000,10.20000,10.20000,10.20000,0
775,2020-02-19,10.20000,10.30000,10.20000,10.20000,1400
776,2020-02-18,10.15000,10.15000,10.15000,10.15000,1000
777,2020-02-14,10.21000,10.24000,10.21000,10.24000,200
778,2020-02-13,10.20000,10.20000,10.20000,10.20000,0
779,2020-02-12,10.19000,10.20000,10.19000,10.20000,800
780,2020-02-11,10.21000,10.31000,10.21000,10.31000,10800
781,2020-02-10,10.38000,10.38000,10.31000,10.31000,500
782,2020-02-07,10.12000,10.46000,10.06000,10.39000,1900
783,2020-02-06,10.68000,10.68000,10.68000,10.68000,0
784,2020-02-05,10.35000,10.68000,10.35000,10.68000,700
785,2020-02-04,10.52000,10.52000,10.52000,10.52000,0
786,2020-02-03,10.40000,10.53000,10.40000,10.52000,900
787,2020-01-31,10.70000,10.70000,10.70000,10.70000,0
788,2020-01-30,10.70000,10.70000,10.70000,10.70000,0
789,2020-01-29,10.40000,10.70000,10.40000,10.70000,1600
790,2020-01-28,10.65000,10.65000,10.65000,10.65000,0
791,2020-01-27,10.65000,10.65000,10.65000,10.65000,0
792,2020-01-24,10.69000,10.75000,10.60000,10.65000,3300
793,2020-01-23,10.77000,10.80000,10.77000,10.80000,1000
794,2020-01-22,10.37000,10.37000,10.37000,10.37000,100
795,2020-01-21,10.45000,10.45000,10.45000,10.45000,0
796,2020-01-17,10.45000,10.45000,10.45000,10.45000,0
797,2020-01-16,10.45000,10.45000,10.45000,10.45000,0
798,2020-01-15,10.48000,10.48000,10.38000,10.45000,3500
799,2020-01-14,10.96000,10.96000,10.31000,10.50000,2200
800,2020-01-13,11.03000,11.03000,10.54000,10.85000,8100
801,2020-01-10,10.50000,10.79000,10.49000,10.61000,3700
802,2020-01-09,10.28000,10.39000,10.25000,10.30000,3000
803,2020-01-08,10.32000,10.32000,10.32000,10.32000,0
804,2020-01-07,10.25000,10.32000,10.25000,10.32000,1600
805,2020-01-06,10.32000,10.43000,10.32000,10.35000,1800
806,2020-01-03,10.40000,10.40000,10.40000,10.40000,0
807,2020-01-02,10.45000,10.45000,10.20000,10.40000,5400
808,2019-12-31,10.06000,10.06000,10.06000,10.06000,600
809,2019-12-30,10.10000,10.33000,10.00000,10.02000,7000
810,2019-12-27,10.50000,10.50000,10.50000,10.50000,0
811,2019-12-26,10.50000,10.50000,10.50000,10.50000,200
812,2019-12-24,10.45000,10.45000,10.45000,10.45000,3100
813,2019-12-23,10.10000,10.30000,10.10000,10.30000,4200
814,2019-12-20,10.25000,10.25000,10.01000,10.01000,1300
815,2019-12-19,10.10000,10.10000,10.10000,10.10000,200
816,2019-12-18,10.03000,10.03000,10.03000,10.03000,100
817,2019-12-17,10.25000,10.25000,10.25000,10.25000,1600
818,2019-12-16,10.26000,10.26000,10.26000,10.26000,0
819,2019-12-13,10.26000,10.26000,10.26000,10.26000,0
820,2019-12-12,10.26000,10.26000,10.26000,10.26000,0
821,2019-12-11,10.26000,10.26000,10.26000,10.26000,0
822,2019-12-10,10.53000,10.53000,10.00000,10.26000,4900
823,2019-12-09,10.42000,10.53000,10.41000,10.53000,3700
824,2019-12-06,10.48000,10.48000,10.48000,10.48000,0
825,2019-12-05,10.48000,10.48000,10.48000,10.48000,0
826,2019-12-04,10.42000,10.58000,10.34000,10.48000,6400
827,2019-12-03,10.27000,10.45000,10.27000,10.45000,2100
828,2019-12-02,10.40000,10.40000,10.40000,10.40000,300
829,2019-11-29,10.33000,10.40000,10.33000,10.37000,1000
830,2019-11-27,10.40000,10.40000,10.15000,10.15000,2400
831,2019-11-26,10.45000,10.45000,10.45000,10.45000,200
832,2019-11-25,10.50000,10.50000,10.45000,10.45000,900
833,2019-11-22,10.53000,10.53000,10.35000,10.35000,500
834,2019-11-21,10.50000,10.50000,10.50000,10.50000,100
835,2019-11-20,10.84000,10.84000,10.50000,10.50000,2400
836,2019-11-19,10.81000,10.82000,10.80000,10.80000,2100
837,2019-11-18,10.80000,10.98000,10.80000,10.94000,4100
838,2019-11-15,10.97000,11.33000,10.90000,10.90000,1500
839,2019-11-14,10.70000,10.87000,10.70000,10.70000,4400
840,2019-11-13,10.58000,10.70000,10.58000,10.70000,800
841,2019-11-12,10.45000,10.45000,10.45000,10.45000,0
842,2019-11-11,10.45000,10.45000,10.45000,10.45000,100
843,2019-11-08,10.43000,10.97000,10.43000,10.52000,1800
844,2019-11-07,10.45000,10.45000,10.33000,10.33000,900
845,2019-11-06,10.45000,10.45000,10.40000,10.45000,600
846,2019-11-05,10.42000,10.45000,10.42000,10.45000,700
847,2019-11-04,10.20000,10.20000,10.05000,10.20000,1500
848,2019-11-01,10.45000,10.45000,10.01000,10.08000,1900
849,2019-10-31,10.30000,10.30000,10.30000,10.30000,0
850,2019-10-30,10.30000,10.30000,10.30000,10.30000,0
851,2019-10-29,10.30000,10.30000,10.30000,10.30000,1800
852,2019-10-28,10.30000,10.30000,10.30000,10.30000,0
853,2019-10-25,10.30000,10.30000,10.30000,10.30000,200
854,2019-10-24,10.43000,10.43000,10.30000,10.30000,1900
855,2019-10-23,10.22000,10.22000,10.22000,10.22000,100
856,2019-10-22,10.15000,10.39000,10.15000,10.32000,800
857,2019-10-21,10.30000,10.30000,10.25000,10.30000,3800
858,2019-10-18,10.25000,10.29000,10.25000,10.25000,2300
859,2019-10-17,10.11000,10.27000,10.11000,10.25000,1600
860,2019-10-16,10.35000,10.35000,10.35000,10.35000,0
861,2019-10-15,10.29000,10.35000,10.29000,10.35000,900
862,2019-10-14,10.29000,10.39000,10.29000,10.38000,1800
863,2019-10-11,10.05000,10.05000,10.05000,10.05000,300
864,2019-10-10,9.89000,9.89000,9.89000,9.89000,0
865,2019-10-09,9.89000,9.89000,9.89000,9.89000,0
866,2019-10-08,9.89000,9.89000,9.89000,9.89000,0
867,2019-10-07,9.89000,9.89000,9.89000,9.89000,0
868,2019-10-04,9.89000,9.89000,9.89000,9.89000,100
869,2019-10-03,10.00000,10.00000,9.89000,9.89000,7700
870,2019-10-02,10.01000,10.01000,10.01000,10.01000,300
871,2019-10-01,9.98000,10.29000,9.98000,10.28000,4300
872,2019-09-30,10.07000,10.11000,9.86000,9.90000,2100
873,2019-09-27,10.05000,10.12000,10.05000,10.05000,700
874,2019-09-26,10.05000,10.27000,10.05000,10.05000,3700
875,2019-09-25,10.05000,10.05000,10.05000,10.05000,300
876,2019-09-24,9.90000,10.05000,9.86000,10.05000,1000
877,2019-09-23,10.20000,10.26000,9.90000,9.90000,3300
878,2019-09-20,10.05000,10.29000,10.05000,10.29000,1800
879,2019-09-19,10.00000,10.05000,9.57000,9.92000,1700
880,2019-09-18,10.20000,10.20000,10.20000,10.20000,0
881,2019-09-17,10.20000,10.20000,10.20000,10.20000,300
882,2019-09-16,9.75000,10.14000,9.75000,10.14000,300
883,2019-09-13,10.00000,10.16000,10.00000,10.16000,1000
884,2019-09-12,9.79000,10.16000,9.79000,10.16000,200
885,2019-09-11,10.29000,10.29000,10.26000,10.26000,500
886,2019-09-10,10.00000,10.40000,9.90000,10.40000,3000
887,2019-09-09,9.72000,10.22000,9.72000,9.90000,2800
888,2019-09-06,9.82000,10.25000,9.82000,10.01000,1200
889,2019-09-05,9.92000,9.92000,9.92000,9.92000,0
890,2019-09-04,9.88000,9.93000,9.88000,9.92000,1400
891,2019-09-03,9.88000,9.88000,9.88000,9.88000,700
892,2019-08-30,9.95000,9.95000,9.95000,9.95000,600
893,2019-08-29,10.20000,10.20000,10.18000,10.18000,300
894,2019-08-28,10.25000,10.25000,10.24000,10.24000,1100
895,2019-08-27,10.61000,10.61000,10.61000,10.61000,0
896,2019-08-26,10.61000,10.61000,10.61000,10.61000,300
897,2019-08-23,9.88000,10.16000,9.88000,9.88000,3000
898,2019-08-22,10.25000,10.25000,10.25000,10.25000,400
899,2019-08-21,10.58000,10.58000,10.10000,10.10000,1000
900,2019-08-20,10.34000,10.35000,10.34000,10.35000,200
901,2019-08-19,10.05000,10.17000,9.90000,10.17000,4600
902,2019-08-16,10.10000,10.10000,9.88000,9.89000,1400
903,2019-08-15,10.03000,10.05000,9.95000,9.95000,3000
904,2019-08-14,10.00000,10.10000,9.81000,9.82000,7400
905,2019-08-13,9.88000,9.88000,9.87000,9.87000,1300
906,2019-08-12,9.87000,9.88000,9.87000,9.87000,600
907,2019-08-09,10.01000,10.01000,10.01000,10.01000,700
908,2019-08-08,10.11000,10.12000,9.88000,10.01000,11600
909,2019-08-07,9.87000,9.87000,9.87000,9.87000,500
910,2019-08-06,9.91000,10.11000,9.80000,9.80000,1600
911,2019-08-05,10.31000,10.31000,9.87000,9.87000,1100
912,2019-08-02,9.99000,9.99000,9.98000,9.98000,800
913,2019-08-01,10.02000,10.02000,9.95000,9.95000,600
914,2019-07-31,10.00000,10.37000,10.00000,10.37000,700
915,2019-07-30,9.98000,9.98000,9.98000,9.98000,400
916,2019-07-29,9.98000,10.02000,9.98000,9.98000,600
917,2019-07-26,10.22000,10.22000,10.20000,10.20000,1300
918,2019-07-25,10.11000,10.11000,10.11000,10.11000,0
919,2019-07-24,10.11000,10.11000,10.11000,10.11000,0
920,2019-07-23,9.99000,10.11000,9.97000,10.11000,800
921,2019-07-22,10.54000,10.54000,10.27000,10.27000,500
922,2019-07-19,9.95000,9.95000,9.95000,9.95000,100
923,2019-07-18,9.95000,10.00000,9.95000,9.95000,900
924,2019-07-17,10.01000,10.01000,9.91000,9.91000,1200
925,2019-07-16,9.80000,10.00000,9.80000,10.00000,500
926,2019-07-15,10.50000,10.50000,9.86000,9.86000,1500
927,2019-07-12,9.85000,9.85000,9.85000,9.85000,300
928,2019-07-11,10.59000,10.59000,10.00000,10.00000,1800
929,2019-07-10,10.00000,10.10000,9.96000,10.10000,1600
930,2019-07-09,9.80000,10.00000,9.79000,10.00000,1300
931,2019-07-08,9.85000,9.97000,9.80000,9.80000,4800
932,2019-07-05,9.76000,10.10000,9.76000,10.10000,1400
933,2019-07-03,9.80000,10.94000,9.60000,10.47000,2800
934,2019-07-02,10.13000,10.13000,9.69000,9.74000,900
935,2019-07-01,9.70000,9.90000,9.70000,9.90000,2700
936,2019-06-28,9.60000,9.60000,9.60000,9.60000,800
937,2019-06-27,9.76000,9.76000,9.76000,9.76000,0
938,2019-06-26,10.10000,10.10000,9.75000,9.76000,2900
939,2019-06-25,10.04000,10.04000,10.04000,10.04000,400
940,2019-06-24,9.89000,9.89000,9.89000,9.89000,0
941,2019-06-21,10.30000,10.30000,9.76000,9.89000,3000
942,2019-06-20,10.19000,10.40000,10.19000,10.21000,500
943,2019-06-19,10.25000,10.25000,9.75000,9.76000,4100
944,2019-06-18,10.36000,10.40000,10.36000,10.40000,1400
945,2019-06-17,9.79000,10.16000,9.79000,10.09000,3700
946,2019-06-14,9.78000,10.23000,9.51000,9.51000,4800
947,2019-06-13,10.06000,10.06000,9.50000,9.67000,7300
948,2019-06-12,10.07000,10.15000,10.06000,10.06000,1500
949,2019-06-11,10.20000,10.20000,10.18000,10.18000,1900
950,2019-06-10,10.36000,10.36000,10.36000,10.36000,200
951,2019-06-07,10.50000,10.70000,10.15000,10.44000,7800
952,2019-06-06,10.86000,10.86000,10.70000,10.70000,700
953,2019-06-05,10.54000,11.01000,10.54000,10.85000,1700
954,2019-06-04,9.71000,10.58000,9.71000,10.58000,5400
955,2019-06-03,10.00000,10.01000,9.89000,10.00000,2800
956,2019-05-31,10.45000,10.52000,10.11000,10.35000,20200
957,2019-05-30,10.42000,10.68000,10.35000,10.68000,900
958,2019-05-29,10.71000,10.87000,10.41000,10.41000,7600
959,2019-05-28,10.81000,11.02000,10.61000,10.76000,10800
960,2019-05-24,11.10000,11.12000,11.06000,11.06000,2100
961,2019-05-23,11.05000,11.14000,11.05000,11.11000,800
962,2019-05-22,11.10000,11.25000,11.10000,11.14000,1500
963,2019-05-21,11.35000,11.56000,10.85000,11.26000,5400
964,2019-05-20,11.38000,11.38000,11.38000,11.38000,700
965,2019-05-17,11.35000,11.41000,11.35000,11.41000,1300
966,2019-05-16,11.54000,11.75000,11.54000,11.73000,7200
967,2019-05-15,11.23000,11.38000,11.23000,11.38000,4700
968,2019-05-14,11.40000,11.60000,10.86000,11.17000,21800
969,2019-05-13,12.44000,12.44000,12.20000,12.20000,900
970,2019-05-10,12.49000,12.49000,12.49000,12.49000,400
971,2019-05-09,12.28000,12.39000,12.25000,12.39000,1100
972,2019-05-08,12.60000,12.60000,12.36000,12.40000,1600
973,2019-05-07,12.70000,12.70000,12.65000,12.65000,600
974,2019-05-06,12.66000,12.66000,12.66000,12.66000,200
975,2019-05-03,12.55000,12.66000,12.55000,12.66000,1300
976,2019-05-02,12.92000,12.97000,12.61000,12.61000,2500
977,2019-05-01,12.77000,12.79000,12.65000,12.65000,1900
978,2019-04-30,12.90000,12.90000,12.90000,12.90000,100
979,2019-04-29,12.72000,12.95000,12.72000,12.90000,2900
980,2019-04-26,12.79000,12.79000,12.74000,12.74000,500
981,2019-04-25,12.49000,12.74000,12.49000,12.74000,600
982,2019-04-24,12.38000,12.58000,12.25000,12.58000,1200
983,2019-04-23,12.57000,12.59000,12.41000,12.41000,1500
984,2019-04-22,12.66000,12.76000,12.00000,12.30000,49400
985,2019-04-18,13.00000,13.01000,12.52000,12.52000,7700
986,2019-04-17,13.10000,13.10000,12.88000,12.95000,2800
987,2019-04-16,12.94000,13.00000,12.73000,13.00000,6500
988,2019-04-15,13.35000,13.35000,12.61000,13.00000,3200
989,2019-04-12,13.30000,13.42000,13.27000,13.34000,5500
990,2019-04-11,13.21000,13.28000,12.97000,13.25000,7300
991,2019-04-10,13.26000,13.34000,13.20000,13.26000,4500
992,2019-04-09,13.43000,13.43000,13.29000,13.30000,3300
993,2019-04-08,13.43000,13.43000,13.26000,13.33000,4700
994,2019-04-05,13.40000,13.70000,13.40000,13.43000,20000
995,2019-04-04,12.21000,13.62000,12.02000,13.47000,63100
996,2019-04-03,12.11000,12.18000,12.05000,12.05000,1600
997,2019-04-02,12.03000,12.18000,12.00000,12.02000,3600
998,2019-04-01,12.23000,12.25000,11.82000,11.82000,8200
999,2019-03-29,12.10000,12.20000,12.10000,12.17000,1000
1000,2019-03-28,12.13000,12.23000,12.02000,12.02000,1500
1001,2019-03-27,12.08000,12.16000,12.04000,12.10000,4900
1002,2019-03-26,12.19000,12.21000,12.14000,12.14000,1700
1003,2019-03-25,11.85000,12.09000,11.85000,12.09000,6800
1004,2019-03-22,12.00000,12.03000,11.50000,11.90000,15000
1005,2019-03-21,12.09000,12.09000,12.09000,12.09000,100
1006,2019-03-20,11.96000,12.10000,11.96000,12.09000,6000
1007,2019-03-19,11.90000,12.07000,11.90000,12.03000,3200
1008,2019-03-18,12.20000,12.20000,11.83000,12.09000,10800
1009,2019-03-15,11.90000,12.40000,11.80000,11.95000,98300
1010,2019-03-14,11.60000,12.00000,10.88000,11.40000,15700
1011,2019-03-13,11.64000,11.95000,11.64000,11.64000,5600
1012,2019-03-12,11.85000,12.13000,11.60000,11.60000,8600
1013,2019-03-11,11.90000,11.95000,11.60000,11.83000,3100
1014,2019-03-08,11.75000,11.81000,11.74000,11.79000,4300
1015,2019-03-07,11.74000,11.81000,11.62000,11.62000,500
1016,2019-03-06,11.87000,11.87000,11.65000,11.71000,4100
1017,2019-03-05,11.88000,11.94000,11.51000,11.78000,1100
1018,2019-03-04,11.82000,11.86000,11.81000,11.86000,1800
1019,2019-03-01,11.80000,11.98000,11.74000,11.98000,4100
1020,2019-02-28,11.53000,11.80000,11.53000,11.80000,4300
1021,2019-02-27,11.51000,11.72000,11.47000,11.52000,6300
1022,2019-02-26,11.82000,11.84000,11.34000,11.84000,4500
1023,2019-02-25,11.88000,12.00000,11.75000,11.82000,5300
1024,2019-02-22,11.56000,11.77000,11.56000,11.77000,1700
1025,2019-02-21,11.79000,11.79000,11.00000,11.63000,8000
1026,2019-02-20,11.59000,11.71000,11.54000,11.71000,3600
1027,2019-02-19,11.71000,11.71000,11.57000,11.65000,3200
1028,2019-02-15,11.71000,11.94000,11.41000,11.75000,7500
1029,2019-02-14,11.52000,12.22000,11.52000,11.85000,9800
1030,2019-02-13,11.63000,11.63000,11.63000,11.63000,0
1031,2019-02-12,11.50000,11.65000,11.50000,11.63000,3600
1032,2019-02-11,11.66000,11.66000,11.66000,11.66000,100
1033,2019-02-08,11.40000,11.69000,11.35000,11.66000,1300
1034,2019-02-07,11.59000,11.99000,11.42000,11.75000,15000
1035,2019-02-06,11.31000,11.43000,11.31000,11.43000,800
1036,2019-02-05,11.43000,11.43000,11.43000,11.43000,100
1037,2019-02-04,11.43000,11.43000,11.43000,11.43000,200
1038,2019-02-01,11.19000,11.60000,11.19000,11.33000,2200
1039,2019-01-31,11.54000,11.54000,11.33000,11.41000,600
1040,2019-01-30,11.07000,11.50000,10.90000,11.33000,5800
1041,2019-01-29,10.88000,10.88000,10.88000,10.88000,200
1042,2019-01-28,10.85000,10.85000,10.85000,10.85000,100
1043,2019-01-25,10.94000,10.98000,10.85000,10.85000,800
1044,2019-01-24,11.00000,11.00000,10.95000,10.98000,500
1045,2019-01-23,10.99000,11.00000,10.82000,11.00000,3300
1046,2019-01-22,11.08000,11.08000,11.08000,11.08000,300
1047,2019-01-18,11.21000,11.61000,11.21000,11.23000,2900
1048,2019-01-17,11.00000,12.35000,10.99000,11.10000,2700
1049,2019-01-16,11.00000,11.10000,10.97000,11.00000,1600
1050,2019-01-15,11.31000,11.31000,10.66000,10.94000,7600
1051,2019-01-14,11.32000,11.51000,11.32000,11.51000,300
1052,2019-01-11,11.50000,11.75000,11.50000,11.60000,4500
1053,2019-01-10,11.31000,11.55000,11.30000,11.55000,2700
1054,2019-01-09,11.20000,11.26000,11.19000,11.26000,2700
1055,2019-01-08,11.17000,11.17000,11.17000,11.17000,200
1056,2019-01-07,11.17000,11.17000,11.17000,11.17000,100
1057,2019-01-04,11.40000,11.40000,11.17000,11.17000,2600
1058,2019-01-03,11.51000,11.52000,11.09000,11.09000,2700
1059,2019-01-02,10.15000,12.11000,10.04000,11.52000,18900
1060,2018-12-31,9.96000,10.30000,9.95000,9.95000,2100
1061,2018-12-28,10.10000,10.12000,9.86000,9.90000,3800
1062,2018-12-27,10.10000,10.20000,10.05000,10.05000,900
1063,2018-12-26,9.99000,10.04000,9.86000,10.01000,2900
1064,2018-12-24,10.15000,10.22000,9.67000,9.91000,4000
1065,2018-12-21,10.42000,10.46000,10.15000,10.15000,7100
1066,2018-12-20,10.51000,10.51000,10.10000,10.26000,6200
1067,2018-12-19,10.79000,10.79000,10.51000,10.60000,3200
1068,2018-12-18,10.64000,10.84000,10.64000,10.84000,3400
1069,2018-12-17,10.50000,10.75000,10.50000,10.74000,2700
1070,2018-12-14,10.91000,10.95000,10.70000,10.84000,4700
1071,2018-12-13,10.95000,10.95000,10.90000,10.90000,1400
1072,2018-12-12,11.18000,11.24000,10.90000,10.90000,3200
1073,2018-12-11,11.11000,11.17000,11.00000,11.16000,5700
1074,2018-12-10,11.27000,11.81000,11.12000,11.14000,3600
1075,2018-12-07,11.33000,11.33000,11.03000,11.10000,2500
1076,2018-12-06,11.06000,11.14000,10.95000,11.14000,2700
1077,2018-12-04,11.45000,11.50000,11.01000,11.01000,5700
1078,2018-12-03,11.55000,11.67000,11.40000,11.45000,8100
1079,2018-11-30,11.57000,11.65000,11.40000,11.40000,1600
1080,2018-11-29,11.75000,11.75000,11.48000,11.48000,800
1081,2018-11-28,11.31000,11.57000,11.31000,11.57000,2700
1082,2018-11-27,11.45000,11.45000,11.45000,11.45000,300
1083,2018-11-26,11.42000,11.58000,11.42000,11.47000,3800
1084,2018-11-23,11.30000,11.43000,11.30000,11.33000,3000
1085,2018-11-21,11.54000,11.75000,11.45000,11.55000,11100
1086,2018-11-20,11.53000,11.53000,11.27000,11.36000,1700
1087,2018-11-19,11.40000,11.61000,11.20000,11.35000,13000
1088,2018-11-16,11.57000,11.58000,10.99000,11.30000,10900
1089,2018-11-15,11.82000,11.94000,11.25000,11.39000,15900
1090,2018-11-14,12.28000,12.29000,11.21000,11.50000,13100
1091,2018-11-13,12.00000,12.70000,11.00000,11.99000,71800
1092,2018-11-12,9.99000,9.99000,9.85000,9.90000,2400
1093,2018-11-09,9.83000,10.03000,9.81000,10.03000,1300
1094,2018-11-08,9.75000,9.75000,9.75000,9.75000,100
1095,2018-11-07,9.66000,9.75000,9.66000,9.75000,200
1096,2018-11-06,9.86000,9.86000,9.60000,9.74000,3000
1097,2018-11-05,9.81000,9.91000,9.70000,9.75000,2600
1098,2018-11-02,9.54000,9.81000,9.54000,9.81000,400
1099,2018-11-01,9.82000,9.83000,9.82000,9.83000,500
1100,2018-10-31,9.70000,9.70000,9.70000,9.70000,100
1101,2018-10-30,9.70000,9.70000,9.70000,9.70000,0
1102,2018-10-29,10.00000,10.00000,9.50000,9.70000,5900
1103,2018-10-26,9.92000,9.99000,9.81000,9.90000,3700
1104,2018-10-25,10.03000,10.04000,10.00000,10.00000,1400
1105,2018-10-24,10.13000,10.13000,10.13000,10.13000,100
1106,2018-10-23,10.16000,10.16000,10.09000,10.15000,3100
1107,2018-10-22,10.12000,10.17000,10.12000,10.17000,400
1108,2018-10-19,10.00000,10.15000,10.00000,10.15000,300
1109,2018-10-18,10.30000,10.30000,10.10000,10.10000,1900
1110,2018-10-17,9.99000,10.28000,9.99000,10.28000,3100
1111,2018-10-16,10.41000,10.41000,10.30000,10.30000,400
1112,2018-10-15,10.30000,10.30000,10.30000,10.30000,300
1113,2018-10-12,10.50000,10.57000,10.40000,10.40000,600
1114,2018-10-11,10.40000,10.56000,10.32000,10.32000,800
1115,2018-10-10,10.52000,10.52000,10.52000,10.52000,0
1116,2018-10-09,10.64000,10.88000,10.52000,10.52000,4300
1117,2018-10-08,10.55000,10.55000,10.55000,10.55000,0
1118,2018-10-05,10.77000,10.77000,10.41000,10.55000,2100
1119,2018-10-04,10.08000,10.57000,10.08000,10.57000,1700
1120,2018-10-03,10.68000,10.68000,10.68000,10.68000,0
1121,2018-10-02,10.60000,10.69000,10.60000,10.68000,900
1122,2018-10-01,10.75000,10.78000,10.69000,10.69000,1400
1123,2018-09-28,10.86000,10.86000,10.77000,10.84000,1700
1124,2018-09-27,10.94000,10.94000,10.80000,10.86000,1400
1125,2018-09-26,11.05000,11.05000,10.70000,10.88000,2500
1126,2018-09-25,10.72000,10.91000,10.70000,10.85000,1600
1127,2018-09-24,10.21000,10.85000,10.15000,10.85000,3500
1128,2018-09-21,10.31000,10.31000,10.26000,10.26000,2700
1129,2018-09-20,10.35000,10.35000,10.30000,10.30000,1900
1130,2018-09-19,10.30000,10.35000,10.30000,10.35000,2900
1131,2018-09-18,10.41000,10.41000,10.30000,10.30000,1000
1132,2018-09-17,10.40000,10.40000,10.40000,10.40000,0
1133,2018-09-14,10.50000,10.50000,10.40000,10.40000,500
1134,2018-09-13,10.50000,10.50000,10.40000,10.50000,1600
1135,2018-09-12,10.49000,10.49000,10.44000,10.44000,1100
1136,2018-09-11,10.40000,10.45000,10.40000,10.45000,400
1137,2018-09-10,10.59000,10.59000,10.40000,10.50000,7100
1138,2018-09-07,10.60000,10.60000,10.60000,10.60000,600
1139,2018-09-06,10.52000,10.55000,10.51000,10.55000,600
1140,2018-09-05,10.65000,10.70000,10.44000,10.63000,4900
1141,2018-09-04,10.73000,10.73000,10.73000,10.73000,500
1142,2018-08-31,10.70000,10.85000,10.70000,10.76000,1300
1143,2018-08-30,10.67000,10.74000,10.60000,10.72000,4500
1144,2018-08-29,10.75000,10.80000,10.70000,10.80000,2100
1145,2018-08-28,11.00000,11.05000,10.87000,10.95000,3600
1146,2018-08-27,11.07000,11.13000,11.00000,11.00000,2700
1147,2018-08-24,11.20000,11.30000,11.10000,11.10000,1200
1148,2018-08-23,11.10000,11.18000,11.10000,11.11000,2200
1149,2018-08-22,11.00000,11.21000,11.00000,11.14000,8500
1150,2018-08-21,10.95000,10.99000,10.80000,10.99000,1400
1151,2018-08-20,10.70000,10.87000,10.65000,10.87000,4600
1152,2018-08-17,10.76000,10.80000,10.70000,10.73000,7700
1153,2018-08-16,10.70000,11.05000,10.69000,10.93000,12000
1154,2018-08-15,10.90000,10.90000,10.55000,10.69000,9500
1155,2018-08-14,10.40000,11.35000,10.35000,10.90000,54200
1156,2018-08-13,9.90000,9.90000,9.60000,9.60000,9900
1157,2018-08-10,9.75000,9.75000,9.59000,9.64000,13800
1158,2018-08-09,9.60000,9.70000,9.60000,9.70000,1000
1159,2018-08-08,9.60000,9.70000,9.50000,9.64000,11100
1160,2018-08-07,9.70000,9.70000,9.70000,9.70000,0
1161,2018-08-06,9.80000,9.89000,9.70000,9.70000,400
1162,2018-08-03,9.63000,9.63000,9.63000,9.63000,0
1163,2018-08-02,9.63000,9.63000,9.63000,9.63000,0
1164,2018-08-01,9.63000,9.63000,9.63000,9.63000,0
1165,2018-07-31,9.69000,9.69000,9.50000,9.63000,3100
1166,2018-07-30,9.70000,9.70000,9.70000,9.70000,700
1167,2018-07-27,9.92000,9.92000,9.71000,9.71000,600
1168,2018-07-26,9.67000,9.90000,9.67000,9.90000,800
1169,2018-07-25,9.80000,9.80000,9.80000,9.80000,0
1170,2018-07-24,9.87000,9.90000,9.80000,9.80000,900
1171,2018-07-23,9.89000,9.89000,9.80000,9.80000,600
1172,2018-07-20,9.67000,9.72000,9.67000,9.72000,500
1173,2018-07-19,9.69000,9.72000,9.67000,9.72000,800
1174,2018-07-18,9.71000,9.71000,9.65000,9.67000,1100
1175,2018-07-17,9.58000,9.65000,9.58000,9.65000,2100
1176,2018-07-16,9.50000,9.75000,9.50000,9.65000,2100
1177,2018-07-13,9.53000,9.53000,9.37000,9.45000,5400
1178,2018-07-12,9.52000,9.52000,9.52000,9.52000,300
1179,2018-07-11,9.32000,9.35000,9.30000,9.35000,1000
1180,2018-07-10,9.25000,9.34000,9.20000,9.20000,3000
1181,2018-07-09,9.25000,9.40000,9.25000,9.40000,400
1182,2018-07-06,9.20000,9.20000,9.20000,9.20000,400
1183,2018-07-05,9.15000,9.15000,9.15000,9.15000,0
1184,2018-07-03,9.15000,9.15000,9.15000,9.15000,0
1185,2018-07-02,9.16000,9.16000,9.15000,9.15000,400
1186,2018-06-29,9.18000,9.18000,9.16000,9.16000,500
1187,2018-06-28,9.25000,9.25000,9.25000,9.25000,2100
1188,2018-06-27,9.26000,9.26000,9.25000,9.25000,1700
1189,2018-06-26,9.25000,9.26000,9.25000,9.26000,2000
1190,2018-06-25,9.36000,9.40000,9.04000,9.25000,3600
1191,2018-06-22,9.20000,9.50000,9.20000,9.20000,2400
1192,2018-06-21,9.15000,9.20000,9.08000,9.08000,4300
1193,2018-06-20,9.02000,9.02000,9.02000,9.02000,500
1194,2018-06-19,9.25000,9.27000,9.02000,9.02000,2000
1195,2018-06-18,9.22000,9.35000,9.22000,9.27000,4700
1196,2018-06-15,9.26000,9.32000,9.26000,9.32000,1200
1197,2018-06-14,9.30000,9.30000,9.25000,9.25000,900
1198,2018-06-13,9.30000,9.30000,9.12000,9.28000,1600
1199,2018-06-12,9.25000,9.29000,9.23000,9.29000,900
1200,2018-06-11,9.19000,9.19000,9.19000,9.19000,0
1201,2018-06-08,9.14000,9.19000,9.10000,9.19000,1000
1202,2018-06-07,9.09000,9.09000,9.09000,9.09000,0
1203,2018-06-06,9.25000,9.25000,9.09000,9.09000,600
1204,2018-06-05,9.35000,9.35000,9.06000,9.33000,2300
1205,2018-06-04,9.15000,9.35000,9.13000,9.35000,1900
1206,2018-06-01,9.09000,9.09000,9.09000,9.09000,800
1207,2018-05-31,9.17000,9.25000,9.00000,9.00000,3500
1208,2018-05-30,9.30000,9.30000,9.00000,9.00000,1300
1209,2018-05-29,9.25000,9.28000,8.96000,9.20000,11700
1210,2018-05-25,9.30000,9.36000,9.30000,9.36000,500
1211,2018-05-24,9.26000,9.34000,9.25000,9.34000,1300
1212,2018-05-23,9.25000,9.45000,9.25000,9.45000,3800
1213,2018-05-22,9.08000,9.33000,9.07000,9.25000,2100
1214,2018-05-21,9.19000,9.43000,9.19000,9.43000,3700
1215,2018-05-18,9.05000,9.20000,8.98000,9.13000,3000
1216,2018-05-17,9.05000,9.07000,9.05000,9.05000,2900
1217,2018-05-16,8.91000,9.11000,8.75000,8.97000,10200
1218,2018-05-15,9.60000,9.62000,8.69000,9.10000,17700
1219,2018-05-14,10.00000,10.00000,9.20000,9.64000,18600
1220,2018-05-11,9.86000,9.97000,9.81000,9.84000,2300
1221,2018-05-10,9.71000,9.90000,9.71000,9.87000,3100
1222,2018-05-09,9.69000,9.74000,9.67000,9.72000,2500
1223,2018-05-08,9.61000,9.69000,9.61000,9.61000,2300
1224,2018-05-07,9.60000,9.60000,9.57000,9.57000,2700
1225,2018-05-04,9.60000,9.60000,9.56000,9.60000,1900
1226,2018-05-03,9.43000,9.55000,9.43000,9.51000,3100
1227,2018-05-02,9.53000,9.53000,9.53000,9.53000,0
1228,2018-05-01,9.51000,9.59000,9.51000,9.53000,1000
1229,2018-04-30,9.47000,9.65000,9.47000,9.47000,2200
1230,2018-04-27,9.70000,9.85000,9.59000,9.60000,3200
1231,2018-04-26,9.60000,9.60000,9.45000,9.51000,2800
1232,2018-04-25,9.60000,9.63000,9.60000,9.60000,2400
1233,2018-04-24,9.61000,9.61000,9.57000,9.57000,500
1234,2018-04-23,9.68000,9.69000,9.32000,9.62000,6600
1235,2018-04-20,9.85000,9.85000,9.85000,9.85000,0
1236,2018-04-19,9.90000,9.90000,9.85000,9.85000,4300
1237,2018-04-18,9.86000,9.96000,9.85000,9.92000,4600
1238,2018-04-17,9.90000,9.90000,9.80000,9.84000,2300
1239,2018-04-16,9.69000,9.99000,9.69000,9.72000,14600
1240,2018-04-13,9.65000,9.65000,9.65000,9.65000,600
1241,2018-04-12,9.65000,9.65000,9.65000,9.65000,0
1242,2018-04-11,9.65000,9.65000,9.65000,9.65000,1200
1243,2018-04-10,9.38000,9.70000,9.38000,9.64000,5400
1244,2018-04-09,9.36000,9.38000,9.35000,9.38000,1900
1245,2018-04-06,9.43000,9.53000,9.20000,9.46000,8400
1246,2018-04-05,9.51000,9.68000,9.51000,9.63000,700
1247,2018-04-04,9.61000,9.68000,9.58000,9.61000,1700
1248,2018-04-03,9.51000,9.72000,9.51000,9.70000,11200
1249,2018-04-02,9.80000,9.84000,9.46000,9.60000,21000
1250,2018-03-29,9.96000,10.00000,9.90000,9.90000,7000
1251,2018-03-28,10.10000,10.10000,9.94000,9.94000,2700
1252,2018-03-27,10.05000,10.05000,10.05000,10.05000,200
1253,2018-03-26,10.10000,10.77000,9.70000,9.95000,48300
1254,2018-03-23,9.55000,9.55000,9.28000,9.37000,5300
1255,2018-03-22,9.78000,9.79000,9.63000,9.63000,2800
1256,2018-03-21,9.91000,9.91000,9.91000,9.91000,600
1257,2018-03-20,9.68000,9.72000,9.65000,9.71000,700
1258,2018-03-19,9.62000,9.68000,9.62000,9.68000,1900
1259,2018-03-16,9.85000,9.85000,9.71000,9.71000,700
1260,2018-03-15,9.77000,9.78000,9.75000,9.75000,1100
1261,2018-03-14,9.75000,9.75000,9.75000,9.75000,0
1262,2018-03-13,9.74000,9.75000,9.52000,9.75000,7000
1263,2018-03-12,9.48000,9.78000,9.42000,9.78000,9000
1264,2018-03-09,9.37000,9.37000,9.37000,9.37000,0
1265,2018-03-08,9.35000,9.46000,9.33000,9.37000,3500
1266,2018-03-07,9.50000,9.53000,9.35000,9.35000,2700
1267,2018-03-06,9.47000,9.47000,9.45000,9.45000,800
1268,2018-03-05,9.40000,9.50000,9.26000,9.50000,3700
1269,2018-03-02,9.52000,9.52000,9.52000,9.52000,0
1270,2018-03-01,9.52000,9.52000,9.52000,9.52000,0
1271,2018-02-28,9.71000,9.75000,9.40000,9.52000,5100
1272,2018-02-27,9.80000,9.80000,9.80000,9.80000,0
1273,2018-02-26,9.77000,9.80000,9.65000,9.80000,300
1274,2018-02-23,9.70000,9.70000,9.70000,9.70000,200
1275,2018-02-22,9.65000,9.65000,9.65000,9.65000,1700
1276,2018-02-21,9.80000,9.80000,9.80000,9.80000,400
1277,2018-02-20,9.65000,9.80000,9.65000,9.75000,11100
1278,2018-02-16,9.67000,9.78000,9.65000,9.78000,400
1279,2018-02-15,9.68000,9.84000,9.55000,9.70000,4000
1280,2018-02-14,9.68000,9.70000,9.68000,9.70000,400
1281,2018-02-13,9.82000,9.82000,9.75000,9.75000,3000
1282,2018-02-12,9.85000,9.85000,9.85000,9.85000,0
1283,2018-02-09,9.70000,9.85000,9.68000,9.85000,6100
1284,2018-02-08,9.75000,9.85000,9.75000,9.77000,600
1285,2018-02-07,9.99000,10.00000,9.80000,9.85000,5400
1286,2018-02-06,10.00000,10.07000,9.85000,10.04000,5700
1287,2018-02-05,10.10000,10.11000,9.67000,9.95000,5300
1288,2018-02-02,10.26000,10.34000,10.15000,10.15000,6500
1289,2018-02-01,10.26000,10.43000,10.26000,10.39000,3700
1290,2018-01-31,10.70000,10.70000,10.45000,10.45000,6800
1291,2018-01-30,10.46000,10.60000,10.45000,10.45000,1900
1292,2018-01-29,10.45000,10.63000,10.45000,10.60000,2200
1293,2018-01-26,10.55000,10.60000,10.51000,10.51000,2000
1294,2018-01-25,10.52000,10.56000,10.50000,10.56000,700
1295,2018-01-24,10.53000,10.65000,10.53000,10.57000,1100
1296,2018-01-23,10.40000,10.50000,10.40000,10.45000,1100
1297,2018-01-22,10.40000,10.75000,10.40000,10.61000,4400
1298,2018-01-19,10.55000,10.62000,10.55000,10.62000,800
1299,2018-01-18,10.68000,10.84000,10.68000,10.72000,1400
1300,2018-01-17,10.52000,10.76000,10.45000,10.60000,12600
1301,2018-01-16,10.62000,10.84000,10.46000,10.59000,32400
1302,2018-01-12,10.84000,10.84000,10.82000,10.84000,1900
1303,2018-01-11,10.70000,10.85000,10.70000,10.85000,2000
1304,2018-01-10,10.99000,10.99000,10.70000,10.73000,2100
1305,2018-01-09,10.70000,10.85000,10.69000,10.75000,5100
1306,2018-01-08,10.95000,10.98000,10.36000,10.61000,34100
1307,2018-01-05,10.80000,11.40000,10.70000,10.95000,40300
1308,2018-01-04,10.81000,10.84000,10.70000,10.75000,19600
1309,2018-01-03,10.80000,10.90000,10.75000,10.85000,7600
1310,2018-01-02,11.07000,11.22000,10.74000,10.90000,10700
1311,2017-12-29,11.38000,11.69000,11.03000,11.13000,25500
1312,2017-12-28,11.34000,11.34000,10.60000,11.20000,10800
1313,2017-12-27,11.10000,11.66000,11.01000,11.12000,37500
1314,2017-12-26,11.18000,11.20000,11.04000,11.04000,1200
1315,2017-12-22,10.68000,11.26000,10.68000,11.00000,10600
1316,2017-12-21,11.10000,11.10000,10.77000,10.80000,2200
1317,2017-12-20,10.70000,11.60000,10.65000,11.01000,12500
1318,2017-12-19,10.65000,10.83000,10.60000,10.70000,24300
1319,2017-12-18,11.35000,11.35000,10.71000,10.71000,6100
1320,2017-12-15,10.65000,11.42000,10.65000,11.42000,4000
1321,2017-12-14,10.75000,11.10000,10.60000,10.60000,5400
1322,2017-12-13,10.69000,11.54000,10.69000,10.93000,2600
1323,2017-12-12,10.85000,11.13000,10.80000,10.86000,3500
1324,2017-12-11,10.69000,11.29000,10.69000,10.99000,24000
1325,2017-12-08,10.80000,11.24000,10.55000,10.60000,21700
1326,2017-12-07,10.60000,11.05000,10.58000,10.84000,5600
1327,2017-12-06,10.74000,11.15000,10.55000,10.60000,7500
1328,2017-12-05,10.70000,11.13000,10.70000,10.72000,13200
1329,2017-12-04,11.10000,11.21000,10.85000,10.88000,11900
1330,2017-12-01,10.89000,11.39000,10.81000,11.10000,7300
1331,2017-11-30,11.60000,11.75000,10.32000,11.12000,31400
1332,2017-11-29,12.00000,12.00000,11.22000,11.41000,12300
1333,2017-11-28,11.50000,12.50000,11.10000,11.89000,84600
1334,2017-11-27,12.20000,12.20000,11.00000,11.05000,31100
1335,2017-11-24,11.49000,12.65000,11.49000,11.77000,103700
1336,2017-11-22,11.15000,12.06000,10.77000,11.60000,44000
1337,2017-11-21,12.25000,12.25000,10.77000,11.25000,20700
1338,2017-11-20,11.35000,12.80000,11.20000,11.85000,106000
1339,2017-11-17,10.95000,11.19000,10.95000,11.15000,3700
1340,2017-11-16,10.81000,11.50000,10.50000,11.29000,27700
1341,2017-11-15,11.55000,11.98000,10.44000,11.25000,29400
1342,2017-11-14,9.71000,10.75000,9.70000,10.75000,37600
1343,2017-11-13,8.84000,8.84000,8.84000,8.84000,0
1344,2017-11-10,8.84000,8.84000,8.84000,8.84000,200
1345,2017-11-09,8.93000,8.93000,8.93000,8.93000,700
1346,2017-11-08,8.85000,8.85000,8.82000,8.83000,1700
1347,2017-11-07,8.70000,8.96000,8.70000,8.85000,2500
1348,2017-11-06,8.90000,8.90000,8.90000,8.90000,200
1349,2017-11-03,8.77000,8.77000,8.77000,8.77000,0
1350,2017-11-02,8.77000,8.77000,8.77000,8.77000,0
1351,2017-11-01,8.77000,8.77000,8.77000,8.77000,0
1352,2017-10-31,8.77000,8.77000,8.77000,8.77000,200
1353,2017-10-30,8.75000,8.83000,8.73000,8.81000,1000
1354,2017-10-27,8.68000,8.80000,8.67000,8.67000,800
1355,2017-10-26,8.80000,9.00000,8.80000,8.85000,7300
1356,2017-10-25,8.65000,8.87000,8.65000,8.80000,19400
1357,2017-10-24,8.72000,8.84000,8.72000,8.84000,300
1358,2017-10-23,8.65000,8.78000,8.65000,8.75000,2600
1359,2017-10-20,8.82000,8.82000,8.82000,8.82000,0
1360,2017-10-19,8.85000,8.93000,8.82000,8.82000,1900
1361,2017-10-18,8.84000,8.85000,8.75000,8.80000,6500
1362,2017-10-17,8.73000,8.73000,8.70000,8.70000,1800
1363,2017-10-16,8.74000,8.74000,8.74000,8.74000,0
1364,2017-10-13,8.74000,8.74000,8.74000,8.74000,100
1365,2017-10-12,8.72000,8.72000,8.68000,8.68000,1200
1366,2017-10-11,8.77000,8.77000,8.76000,8.76000,300
1367,2017-10-10,8.65000,8.99000,8.65000,8.85000,4800
1368,2017-10-09,8.50000,8.60000,8.49000,8.57000,3800
1369,2017-10-06,8.58000,8.58000,8.58000,8.58000,0
1370,2017-10-05,8.56000,8.58000,8.56000,8.58000,400
1371,2017-10-04,8.60000,8.72000,8.56000,8.72000,1900
1372,2017-10-03,8.64000,8.64000,8.57000,8.57000,600
1373,2017-10-02,8.79000,8.79000,8.56000,8.62000,2200
1374,2017-09-29,8.85000,9.20000,8.57000,8.57000,19500
1375,2017-09-28,8.80000,9.05000,8.80000,9.00000,900
1376,2017-09-27,8.80000,8.88000,8.80000,8.88000,2700
1377,2017-09-26,8.77000,8.82000,8.77000,8.82000,1300
1378,2017-09-25,8.88000,8.88000,8.66000,8.88000,5400
1379,2017-09-22,8.75000,8.99000,8.75000,8.88000,17900
1380,2017-09-21,8.68000,9.14000,8.65000,8.73000,8000
1381,2017-09-20,8.67000,8.72000,8.67000,8.71000,1200
1382,2017-09-19,8.67000,8.72000,8.67000,8.69000,1400
1383,2017-09-18,8.66000,8.72000,8.62000,8.62000,800
1384,2017-09-15,8.56000,8.56000,8.56000,8.56000,800
1385,2017-09-14,8.82000,8.82000,8.55000,8.72000,8900
1386,2017-09-13,8.79000,8.79000,8.79000,8.79000,1100
1387,2017-09-12,8.70000,8.75000,8.67000,8.67000,1400
1388,2017-09-11,8.87000,8.87000,8.75000,8.75000,900
1389,2017-09-08,8.87000,8.87000,8.70000,8.70000,700
1390,2017-09-07,8.88000,8.88000,8.88000,8.88000,0
1391,2017-09-06,8.77000,8.88000,8.77000,8.88000,800
1392,2017-09-05,9.10000,9.10000,8.55000,8.74000,4500
1393,2017-09-01,9.15000,9.16000,9.15000,9.15000,600
1394,2017-08-31,9.40000,9.40000,9.15000,9.15000,2600
1395,2017-08-30,9.36000,9.43000,9.36000,9.43000,800
1396,2017-08-29,9.48000,9.48000,9.48000,9.48000,400
1397,2017-08-28,9.44000,9.44000,9.29000,9.29000,1700
1398,2017-08-25,9.47000,9.47000,9.47000,9.47000,100
1399,2017-08-24,9.50000,9.77000,9.50000,9.57000,6700
1400,2017-08-23,9.46000,9.73000,9.46000,9.65000,1300
1401,2017-08-22,9.75000,10.05000,9.27000,9.56000,6800
1402,2017-08-21,9.50000,9.53000,9.50000,9.51000,2600
1403,2017-08-18,9.54000,9.99000,9.51000,9.82000,4400
1404,2017-08-17,9.69000,9.69000,9.69000,9.69000,0
1405,2017-08-16,9.60000,9.69000,9.42000,9.69000,800
1406,2017-08-15,10.00000,10.00000,9.61000,9.63000,2400
1407,2017-08-14,9.80000,9.86000,9.64000,9.85000,9800
1408,2017-08-11,9.81000,9.90000,9.69000,9.90000,4600
1409,2017-08-10,9.75000,9.75000,9.75000,9.75000,0
1410,2017-08-09,9.75000,9.75000,9.75000,9.75000,100
1411,2017-08-08,9.75000,9.78000,9.50000,9.74000,6000
1412,2017-08-07,9.52000,9.66000,9.39000,9.59000,14600
1413,2017-08-04,9.40000,9.66000,9.40000,9.54000,6500
1414,2017-08-03,9.75000,9.75000,9.50000,9.50000,2600
1415,2017-08-02,9.78000,9.83000,9.57000,9.57000,6200
1416,2017-08-01,9.66000,10.05000,9.50000,9.50000,6800
1417,2017-07-31,9.64000,9.64000,9.34000,9.49000,6000
1418,2017-07-28,9.28000,9.28000,9.28000,9.28000,0
1419,2017-07-27,9.28000,9.28000,9.28000,9.28000,0
1420,2017-07-26,9.61000,9.68000,9.28000,9.28000,2700
1421,2017-07-25,9.27000,9.75000,9.27000,9.60000,600
1422,2017-07-24,9.50000,9.55000,9.50000,9.52000,5500
1423,2017-07-21,9.43000,9.43000,9.27000,9.27000,2300
1424,2017-07-20,9.50000,9.55000,9.50000,9.53000,1200
1425,2017-07-19,9.41000,9.49000,9.41000,9.49000,500
1426,2017-07-18,9.42000,9.42000,9.35000,9.35000,500
1427,2017-07-17,9.34000,9.60000,9.27000,9.27000,1600
1428,2017-07-14,9.53000,9.55000,9.38000,9.38000,1300
1429,2017-07-13,9.45000,9.45000,9.45000,9.45000,0
1430,2017-07-12,9.27000,9.45000,9.27000,9.45000,400
1431,2017-07-11,9.37000,9.37000,9.37000,9.37000,200
1432,2017-07-10,9.28000,9.47000,9.28000,9.35000,3900
1433,2017-07-07,9.32000,9.32000,9.32000,9.32000,0
1434,2017-07-06,9.50000,9.50000,9.32000,9.32000,900
1435,2017-07-05,9.35000,9.39000,9.35000,9.39000,1900
1436,2017-07-03,9.30000,9.30000,9.30000,9.30000,100
1437,2017-06-30,9.31000,9.38000,9.31000,9.38000,200
1438,2017-06-29,9.30000,9.39000,9.30000,9.39000,800
1439,2017-06-28,9.12000,9.42000,9.12000,9.40000,9300
1440,2017-06-27,9.57000,9.57000,9.57000,9.57000,3100
1441,2017-06-26,9.57000,9.57000,9.57000,9.57000,3300
1442,2017-06-23,9.55000,9.55000,9.55000,9.55000,0
1443,2017-06-22,9.55000,9.55000,9.55000,9.55000,0
1444,2017-06-21,9.55000,9.55000,9.55000,9.55000,0
1445,2017-06-20,9.50000,9.55000,9.50000,9.55000,1200
1446,2017-06-19,9.44000,9.44000,9.40000,9.43000,1300
1447,2017-06-16,9.28000,9.35000,9.27000,9.35000,3400
1448,2017-06-15,9.34000,9.35000,9.25000,9.28000,2700
1449,2017-06-14,9.30000,9.30000,9.30000,9.30000,0
1450,2017-06-13,9.30000,9.30000,9.30000,9.30000,200
1451,2017-06-12,9.38000,9.38000,9.34000,9.34000,1500
1452,2017-06-09,9.42000,9.42000,9.42000,9.42000,400
1453,2017-06-08,9.35000,9.35000,9.32000,9.32000,1800
1454,2017-06-07,9.33000,9.44000,9.33000,9.44000,1200
1455,2017-06-06,9.34000,9.36000,9.33000,9.33000,3800
1456,2017-06-05,9.51000,9.51000,9.50000,9.50000,800
1457,2017-06-02,9.31000,9.50000,9.31000,9.50000,500
1458,2017-06-01,9.31000,9.31000,9.26000,9.26000,1900
1459,2017-05-31,9.25000,9.26000,9.21000,9.25000,7400
1460,2017-05-30,9.40000,9.40000,9.40000,9.40000,300
1461,2017-05-26,9.26000,9.69000,9.25000,9.50000,1100
1462,2017-05-25,9.25000,9.25000,9.25000,9.25000,0
1463,2017-05-24,9.29000,9.29000,9.25000,9.25000,3300
1464,2017-05-23,9.22000,9.22000,9.21000,9.21000,1100
1465,2017-05-22,9.50000,10.00000,9.25000,9.40000,8900
1466,2017-05-19,9.26000,9.26000,9.26000,9.26000,400
1467,2017-05-18,9.27000,9.51000,9.25000,9.25000,5600
1468,2017-05-17,10.00000,10.00000,10.00000,10.00000,0
1469,2017-05-16,10.09000,10.09000,10.00000,10.00000,1400
1470,2017-05-15,10.57000,10.57000,10.15000,10.21000,11900
1471,2017-05-12,10.52000,10.59000,10.52000,10.59000,800
1472,2017-05-11,10.38000,10.41000,10.25000,10.41000,800
1473,2017-05-10,10.50000,10.50000,10.50000,10.50000,0
1474,2017-05-09,10.50000,10.50000,10.50000,10.50000,0
1475,2017-05-08,10.50000,10.50000,10.50000,10.50000,0
1476,2017-05-05,10.64000,10.64000,10.50000,10.50000,2200
1477,2017-05-04,10.34000,10.34000,10.34000,10.34000,0
1478,2017-05-03,10.31000,10.35000,10.31000,10.34000,3600
1479,2017-05-02,10.20000,10.20000,10.20000,10.20000,0
1480,2017-05-01,10.20000,10.20000,10.20000,10.20000,1300
1481,2017-04-28,10.15000,10.20000,10.15000,10.20000,1100
1482,2017-04-27,10.27000,10.30000,10.27000,10.30000,400
1483,2017-04-26,10.35000,10.35000,10.15000,10.15000,3000
1484,2017-04-25,10.27000,10.35000,10.25000,10.35000,11200
1485,2017-04-24,10.28000,10.35000,10.28000,10.35000,1400
1486,2017-04-21,10.27000,10.27000,10.27000,10.27000,200
1487,2017-04-20,10.50000,10.50000,10.39000,10.39000,500
1488,2017-04-19,10.53000,10.53000,10.52000,10.52000,1300
1489,2017-04-18,10.60000,10.60000,10.50000,10.53000,4700
1490,2017-04-17,10.55000,10.56000,10.55000,10.56000,3600
1491,2017-04-13,10.54000,10.54000,10.54000,10.54000,0
1492,2017-04-12,10.54000,10.54000,10.54000,10.54000,0
1493,2017-04-11,10.56000,10.57000,10.54000,10.54000,6000
1494,2017-04-10,10.70000,10.70000,10.26000,10.26000,6000
1495,2017-04-07,10.87000,11.15000,10.87000,11.01000,2400
1496,2017-04-06,11.18000,11.21000,11.18000,11.21000,400
1497,2017-04-05,11.15000,11.15000,11.05000,11.05000,1100
1498,2017-04-04,11.34000,11.34000,11.02000,11.02000,800
1499,2017-04-03,11.13000,11.50000,10.57000,11.32000,3700
1500,2017-03-31,11.11000,11.11000,11.11000,11.11000,0
1501,2017-03-30,11.17000,11.21000,11.11000,11.11000,2200
1502,2017-03-29,11.05000,11.10000,11.03000,11.10000,2500
1503,2017-03-28,10.96000,10.96000,10.94000,10.96000,1300
1504,2017-03-27,11.10000,11.15000,10.88000,10.96000,1200
1505,2017-03-24,10.95000,11.15000,10.80000,11.15000,4200
1506,2017-03-23,11.10000,11.10000,11.10000,11.10000,200
1507,2017-03-22,11.06000,11.35000,10.98000,11.12000,5600
1508,2017-03-21,11.25000,11.50000,11.01000,11.01000,7400
1509,2017-03-20,11.21000,11.32000,11.21000,11.27000,1500
1510,2017-03-17,11.14000,11.49000,11.10000,11.49000,3400
1511,2017-03-16,11.63000,11.74000,11.08000,11.15000,14400
1512,2017-03-15,12.07000,12.10000,11.64000,11.83000,6000
1513,2017-03-14,11.00000,11.49000,10.96000,11.49000,4500
1514,2017-03-13,10.63000,10.98000,10.62000,10.97000,5500
1515,2017-03-10,10.49000,10.59000,10.35000,10.51000,3500
1516,2017-03-09,10.32000,10.47000,10.32000,10.36000,3000
1517,2017-03-08,10.21000,10.21000,10.21000,10.21000,0
1518,2017-03-07,10.21000,10.21000,10.21000,10.21000,300
1519,2017-03-06,10.17000,10.18000,10.16000,10.16000,400
1520,2017-03-03,10.09000,10.40000,10.09000,10.29000,4400
1521,2017-03-02,10.30000,10.30000,10.00000,10.19000,4300
1522,2017-03-01,9.88000,10.30000,9.87000,10.30000,5000
1523,2017-02-28,10.25000,10.27000,9.70000,10.27000,11700
1524,2017-02-27,10.53000,10.53000,10.08000,10.30000,7600
1525,2017-02-24,10.57000,10.58000,10.57000,10.58000,800
1526,2017-02-23,10.65000,10.65000,10.55000,10.57000,1000
1527,2017-02-22,10.22000,10.51000,10.22000,10.35000,5000
1528,2017-02-21,10.26000,10.40000,10.15000,10.28000,2500
1529,2017-02-17,10.03000,10.13000,10.03000,10.08000,1100
1530,2017-02-16,9.90000,10.09000,9.88000,9.88000,2100
1531,2017-02-15,9.81000,9.97000,9.81000,9.97000,300
1532,2017-02-14,10.04000,10.04000,9.71000,9.71000,1800
1533,2017-02-13,9.95000,10.11000,9.95000,10.01000,1100
1534,2017-02-10,10.03000,10.12000,10.03000,10.10000,400
1535,2017-02-09,10.20000,10.20000,10.20000,10.20000,0
1536,2017-02-08,9.94000,10.20000,9.77000,10.20000,7700
1537,2017-02-07,9.92000,9.92000,9.85000,9.86000,500
1538,2017-02-06,9.86000,9.86000,9.86000,9.86000,300
1539,2017-02-03,9.74000,9.77000,9.73000,9.77000,2000
1540,2017-02-02,10.03000,10.03000,9.72000,9.75000,2400
1541,2017-02-01,10.03000,10.03000,10.01000,10.01000,4700
1542,2017-01-31,10.04000,10.04000,10.01000,10.04000,1800
1543,2017-01-30,10.05000,10.05000,10.00000,10.04000,1800
1544,2017-01-27,9.99000,10.08000,9.97000,9.99000,3900
1545,2017-01-26,10.09000,10.09000,10.09000,10.09000,1200
1546,2017-01-25,10.03000,10.08000,10.03000,10.04000,600
1547,2017-01-24,10.07000,10.20000,9.99000,9.99000,14000
1548,2017-01-23,10.08000,10.08000,10.01000,10.01000,400
1549,2017-01-20,9.96000,10.13000,9.95000,10.12000,2000
1550,2017-01-19,9.91000,10.18000,9.91000,10.18000,9000
1551,2017-01-18,9.71000,9.85000,9.71000,9.85000,1300
1552,2017-01-17,9.52000,9.97000,9.52000,9.79000,3400
1553,2017-01-13,9.67000,9.70000,9.65000,9.70000,3300
1554,2017-01-12,9.57000,9.65000,9.57000,9.65000,800
1555,2017-01-11,9.65000,9.90000,9.60000,9.69000,16000
1556,2017-01-10,9.89000,9.89000,9.65000,9.75000,5400
1557,2017-01-09,9.89000,9.89000,9.80000,9.80000,1600
1558,2017-01-06,9.94000,9.94000,9.85000,9.88000,2500
1559,2017-01-05,10.05000,10.06000,9.90000,9.94000,1500
1560,2017-01-04,9.95000,10.07000,9.87000,9.92000,6100
1561,2017-01-03,10.19000,10.28000,9.84000,10.12000,6100
1562,2016-12-30,10.00000,10.07000,9.87000,10.07000,7300
1563,2016-12-29,9.78000,10.05000,9.68000,10.05000,1900
1564,2016-12-28,9.65000,10.04000,9.53000,9.62000,3900
1565,2016-12-27,10.07000,10.07000,9.72000,9.78000,5700
1566,2016-12-23,9.79000,10.00000,9.65000,9.98000,15500
1567,2016-12-22,9.72000,9.72000,9.72000,9.72000,500
1568,2016-12-21,9.72000,9.78000,9.71000,9.71000,600
1569,2016-12-20,9.84000,10.00000,9.51000,9.88000,24100
1570,2016-12-19,9.61000,9.83000,9.61000,9.63000,5300
1571,2016-12-16,9.76000,9.85000,9.51000,9.75000,8500
1572,2016-12-15,9.61000,9.73000,9.61000,9.73000,1000
1573,2016-12-14,9.60000,9.85000,9.51000,9.51000,4600
1574,2016-12-13,9.79000,9.97000,9.54000,9.60000,10100
1575,2016-12-12,9.60000,9.82000,9.53000,9.79000,12200
1576,2016-12-09,9.52000,9.97000,9.49000,9.83000,19800
1577,2016-12-08,9.88000,9.88000,9.71000,9.75000,1500
1578,2016-12-07,9.84000,9.96000,9.63000,9.75000,24200
1579,2016-12-06,9.44000,9.79000,9.26000,9.40000,8700
1580,2016-12-05,9.40000,9.47000,9.21000,9.45000,14400
1581,2016-12-02,9.08000,9.58000,9.07000,9.58000,10400
1582,2016-12-01,9.16000,9.17000,9.09000,9.17000,2400
1583,2016-11-30,9.61000,9.62000,9.08000,9.22000,15000
1584,2016-11-29,9.86000,9.86000,9.67000,9.81000,5000
1585,2016-11-28,10.01000,10.03000,9.26000,9.74000,50500
1586,2016-11-25,9.90000,10.07000,9.90000,10.07000,700
1587,2016-11-23,9.99000,10.10000,9.90000,9.90000,3200
1588,2016-11-22,9.66000,10.41000,9.63000,10.06000,23700
1589,2016-11-21,9.67000,9.75000,9.57000,9.70000,5500
1590,2016-11-18,9.54000,9.65000,9.54000,9.65000,5700
1591,2016-11-17,9.52000,9.73000,9.30000,9.67000,24600
1592,2016-11-16,9.28000,9.67000,9.05000,9.52000,25400
1593,2016-11-15,8.75000,9.28000,8.75000,9.12000,15400
1594,2016-11-14,9.00000,9.65000,8.70000,9.00000,82800
1595,2016-11-11,10.70000,10.70000,9.53000,9.60000,21900
1596,2016-11-10,11.20000,11.23000,10.71000,10.86000,6800
1597,2016-11-09,10.80000,10.97000,10.78000,10.92000,6400
1598,2016-11-08,10.92000,10.99000,10.92000,10.99000,2200
1599,2016-11-07,10.93000,10.97000,10.88000,10.92000,4600
1600,2016-11-04,10.53000,10.98000,10.50000,10.88000,3700
1601,2016-11-03,10.54000,10.62000,10.51000,10.51000,1500
1602,2016-11-02,10.82000,10.82000,10.61000,10.75000,5500
1603,2016-11-01,10.75000,10.93000,10.75000,10.93000,3400
1604,2016-10-31,10.71000,10.85000,10.53000,10.83000,17900
1605,2016-10-28,11.03000,11.03000,10.85000,10.99000,3700
1606,2016-10-27,11.20000,11.27000,10.81000,11.20000,6200
1607,2016-10-26,11.60000,11.60000,11.13000,11.22000,2600
1608,2016-10-25,11.83000,11.83000,11.25000,11.50000,1500
1609,2016-10-24,11.80000,11.89000,11.31000,11.59000,11200
1610,2016-10-21,11.38000,11.60000,11.38000,11.60000,1800
1611,2016-10-20,11.39000,11.51000,11.35000,11.42000,5100
1612,2016-10-19,11.39000,11.39000,11.33000,11.36000,3600
1613,2016-10-18,11.90000,11.90000,11.60000,11.60000,2800
1614,2016-10-17,11.51000,11.83000,11.50000,11.66000,1200
1615,2016-10-14,11.30000,11.65000,11.30000,11.38000,5200
1616,2016-10-13,11.80000,11.80000,11.25000,11.25000,2600
1617,2016-10-12,12.06000,12.08000,12.06000,12.06000,600
1618,2016-10-11,12.20000,12.20000,11.82000,11.83000,5800
1619,2016-10-10,11.69000,12.01000,11.69000,11.98000,5200
1620,2016-10-07,11.44000,11.79000,11.43000,11.72000,4500
1621,2016-10-06,11.78000,11.78000,11.31000,11.48000,4000
1622,2016-10-05,11.09000,11.46000,11.09000,11.33000,3400
1623,2016-10-04,11.37000,11.45000,11.28000,11.43000,3600
1624,2016-10-03,11.60000,11.60000,11.31000,11.38000,6000
1625,2016-09-30,11.09000,11.23000,11.09000,11.23000,3700
1626,2016-09-29,11.33000,11.33000,11.01000,11.01000,3900
1627,2016-09-28,11.19000,11.20000,11.18000,11.19000,7800
1628,2016-09-27,10.71000,11.21000,10.71000,11.18000,3000
1629,2016-09-26,11.05000,11.19000,10.93000,11.19000,4800
1630,2016-09-23,11.09000,11.23000,10.96000,11.05000,6900
1631,2016-09-22,10.90000,11.30000,10.90000,10.91000,4200
1632,2016-09-21,10.64000,10.94000,10.64000,10.87000,1600
1633,2016-09-20,11.01000,11.13000,10.53000,10.78000,8000
1634,2016-09-19,11.65000,11.65000,10.96000,11.10000,26000
1635,2016-09-16,10.80000,10.80000,10.46000,10.46000,4400
1636,2016-09-15,11.10000,11.10000,10.89000,10.89000,900
1637,2016-09-14,10.67000,11.01000,10.67000,11.01000,3200
1638,2016-09-13,10.60000,11.40000,10.38000,11.00000,12500
1639,2016-09-12,10.80000,10.87000,10.63000,10.63000,22000
1640,2016-09-09,11.08000,11.27000,11.00000,11.20000,3600
1641,2016-09-08,11.42000,12.07000,11.00000,11.00000,22700
1642,2016-09-07,11.15000,11.53000,11.15000,11.50000,17900
1643,2016-09-06,11.74000,11.74000,11.50000,11.64000,10600
1644,2016-09-02,11.45000,11.87000,11.20000,11.57000,12800
1645,2016-09-01,11.65000,11.65000,11.25000,11.37000,4400
1646,2016-08-31,11.10000,11.50000,11.01000,11.50000,3900
1647,2016-08-30,11.99000,11.99000,11.40000,11.45000,18500
1648,2016-08-29,12.07000,12.20000,11.96000,12.14000,7100
1649,2016-08-26,12.35000,12.41000,11.92000,11.98000,7500
1650,2016-08-25,12.00000,12.42000,11.90000,12.04000,14400
1651,2016-08-24,12.40000,12.96000,12.02000,12.17000,13700
1652,2016-08-23,12.24000,13.15000,11.25000,12.51000,60600
1653,2016-08-22,11.45000,12.10000,11.08000,11.79000,32000
1654,2016-08-19,10.98000,11.44000,10.52000,11.10000,10800
1655,2016-08-18,10.83000,11.20000,10.83000,10.98000,13400
1656,2016-08-17,11.80000,12.32000,10.67000,10.89000,41200
1657,2016-08-16,11.50000,11.50000,11.00000,11.34000,12500
1658,2016-08-15,10.98000,12.00000,10.61000,11.51000,63300
1659,2016-08-12,9.95000,9.95000,9.40000,9.40000,7800
1660,2016-08-11,9.64000,9.95000,9.64000,9.93000,6500
1661,2016-08-10,9.50000,9.50000,9.50000,9.50000,400
1662,2016-08-09,9.48000,9.53000,9.41000,9.53000,2300
1663,2016-08-08,9.42000,9.45000,9.27000,9.35000,2800
1664,2016-08-05,9.10000,9.44000,9.01000,9.27000,3200
1665,2016-08-04,9.08000,9.08000,8.92000,9.03000,900
1666,2016-08-03,8.95000,8.95000,8.95000,8.95000,0
1667,2016-08-02,8.99000,9.05000,8.95000,8.95000,5400
1668,2016-08-01,8.99000,9.10000,8.99000,8.99000,13400
1669,2016-07-29,9.14000,9.14000,8.99000,8.99000,2900
1670,2016-07-28,9.10000,9.15000,9.10000,9.11000,1100
1671,2016-07-27,9.33000,9.33000,9.12000,9.12000,4200
1672,2016-07-26,9.19000,9.50000,9.18000,9.20000,6200
1673,2016-07-25,8.95000,9.10000,8.95000,9.10000,2200
1674,2016-07-22,8.95000,8.95000,8.95000,8.95000,0
1675,2016-07-21,8.98000,9.18000,8.95000,8.95000,1400
1676,2016-07-20,8.97000,9.00000,8.80000,8.80000,2200
1677,2016-07-19,9.12000,9.32000,8.80000,8.99000,5900
1678,2016-07-18,9.02000,9.10000,9.02000,9.09000,1500
1679,2016-07-15,9.24000,9.24000,9.07000,9.08000,400
1680,2016-07-14,9.20000,9.20000,9.07000,9.07000,2500
1681,2016-07-13,9.32000,9.32000,9.10000,9.10000,3200
1682,2016-07-12,9.27000,9.40000,9.27000,9.37000,2300
1683,2016-07-11,9.60000,9.60000,9.27000,9.35000,2700
1684,2016-07-08,9.80000,9.80000,9.27000,9.27000,5800
1685,2016-07-07,9.70000,9.70000,9.70000,9.70000,300
1686,2016-07-06,9.76000,9.76000,9.70000,9.71000,800
1687,2016-07-05,9.84000,9.84000,9.62000,9.62000,7400
1688,2016-07-01,9.95000,9.95000,9.70000,9.72000,9100
1689,2016-06-30,9.77000,9.86000,9.77000,9.86000,800
1690,2016-06-29,9.84000,9.84000,9.64000,9.77000,3800
1691,2016-06-28,9.57000,9.62000,9.54000,9.58000,2700
1692,2016-06-27,9.67000,9.67000,9.53000,9.53000,700
1693,2016-06-24,9.55000,9.55000,9.26000,9.55000,9900
1694,2016-06-23,9.30000,9.50000,9.12000,9.39000,12100
1695,2016-06-22,9.33000,9.37000,9.01000,9.32000,6600
1696,2016-06-21,8.98000,8.99000,8.86000,8.99000,3000
1697,2016-06-20,8.90000,9.05000,8.77000,8.84000,3100
1698,2016-06-17,8.70000,8.72000,8.70000,8.70000,1300
1699,2016-06-16,8.65000,8.75000,8.62000,8.74000,8400
1700,2016-06-15,8.56000,8.74000,8.56000,8.68000,6000
1701,2016-06-14,8.48000,8.62000,8.48000,8.53000,1300
1702,2016-06-13,8.42000,8.46000,8.41000,8.42000,2000
1703,2016-06-10,8.41000,8.41000,8.41000,8.41000,600
1704,2016-06-09,8.66000,8.72000,8.38000,8.40000,2400
1705,2016-06-08,8.65000,8.65000,8.62000,8.62000,2500
1706,2016-06-07,8.65000,8.65000,8.65000,8.65000,200
1707,2016-06-06,8.66000,8.66000,8.65000,8.65000,1600
1708,2016-06-03,8.35000,8.72000,8.34000,8.56000,1200
1709,2016-06-02,8.22000,8.33000,8.22000,8.33000,800
1710,2016-06-01,8.20000,8.40000,8.20000,8.39000,6100
1711,2016-05-31,8.20000,8.26000,8.20000,8.20000,5800
1712,2016-05-27,8.44000,8.44000,8.21000,8.21000,2300
1713,2016-05-26,8.22000,8.32000,8.22000,8.22000,1600
1714,2016-05-25,8.20000,8.21000,8.20000,8.21000,2600
1715,2016-05-24,8.38000,8.38000,8.25000,8.25000,1900
1716,2016-05-23,8.21000,8.30000,8.20000,8.20000,3200
1717,2016-05-20,8.11000,8.17000,8.11000,8.17000,500
1718,2016-05-19,8.26000,8.27000,8.23000,8.27000,1200
1719,2016-05-18,8.24000,8.27000,8.11000,8.27000,3600
1720,2016-05-17,8.10000,8.23000,8.10000,8.11000,1100
1721,2016-05-16,8.15000,8.15000,7.99000,8.09000,6200
1722,2016-05-13,8.08000,8.08000,7.65000,7.67000,13000
1723,2016-05-12,8.66000,8.66000,8.00000,8.14000,26500
1724,2016-05-11,8.59000,8.75000,8.50000,8.50000,8800
1725,2016-05-10,8.72000,8.75000,8.65000,8.65000,3800
1726,2016-05-09,8.69000,8.75000,8.69000,8.75000,1300
1727,2016-05-06,8.75000,8.75000,8.75000,8.75000,300
1728,2016-05-05,8.55000,8.60000,8.55000,8.60000,1400
1729,2016-05-04,8.74000,8.75000,8.68000,8.68000,600
1730,2016-05-03,8.70000,8.75000,8.69000,8.74000,2200
1731,2016-05-02,8.65000,8.74000,8.60000,8.74000,3300
1732,2016-04-29,8.62000,8.62000,8.62000,8.62000,200
1733,2016-04-28,8.52000,8.60000,8.52000,8.60000,3500
1734,2016-04-27,8.72000,8.72000,8.66000,8.66000,400
1735,2016-04-26,8.30000,8.55000,8.30000,8.55000,2500
1736,2016-04-25,8.18000,8.45000,8.18000,8.22000,4100
1737,2016-04-22,8.18000,8.18000,8.18000,8.18000,0
1738,2016-04-21,8.20000,8.20000,8.02000,8.18000,1600
1739,2016-04-20,8.22000,8.22000,8.10000,8.21000,1200
1740,2016-04-19,8.10000,8.10000,8.10000,8.10000,500
1741,2016-04-18,8.22000,8.22000,8.09000,8.20000,3600
1742,2016-04-15,8.25000,8.25000,8.25000,8.25000,0
1743,2016-04-14,8.52000,8.89000,8.25000,8.25000,3700
1744,2016-04-13,8.50000,8.50000,8.50000,8.50000,400
1745,2016-04-12,8.08000,8.40000,8.08000,8.30000,4000
1746,2016-04-11,7.96000,8.16000,7.75000,8.00000,8100
1747,2016-04-08,7.84000,7.90000,7.52000,7.70000,7500
1748,2016-04-07,7.41000,7.41000,7.41000,7.41000,200
1749,2016-04-06,7.46000,7.46000,7.42000,7.42000,3600
1750,2016-04-05,7.45000,7.45000,7.44000,7.44000,1000
1751,2016-04-04,7.35000,7.46000,7.35000,7.46000,300
1752,2016-04-01,7.42000,7.47000,7.42000,7.46000,1800
1753,2016-03-31,7.41000,7.41000,7.41000,7.41000,0
1754,2016-03-30,7.40000,7.41000,7.40000,7.41000,2000
1755,2016-03-29,7.41000,7.41000,7.41000,7.41000,1200
1756,2016-03-28,7.40000,7.40000,7.35000,7.35000,1300
1757,2016-03-24,7.42000,7.44000,7.35000,7.40000,6500
1758,2016-03-23,7.40000,7.42000,7.35000,7.40000,1400
1759,2016-03-22,7.39000,7.52000,7.35000,7.47000,16100
1760,2016-03-21,7.70000,7.75000,7.66000,7.66000,1900
1761,2016-03-18,7.75000,7.75000,7.56000,7.70000,1100
1762,2016-03-17,7.70000,7.70000,7.58000,7.58000,500
1763,2016-03-16,7.46000,7.46000,7.46000,7.46000,100
1764,2016-03-15,7.33000,7.68000,7.33000,7.51000,3700
1765,2016-03-14,7.40000,7.40000,7.20000,7.20000,2800
1766,2016-03-11,7.31000,7.31000,7.29000,7.30000,3400
1767,2016-03-10,7.43000,7.43000,7.38000,7.38000,3100
1768,2016-03-09,7.42000,7.42000,7.42000,7.42000,0
1769,2016-03-08,7.40000,7.45000,7.39000,7.42000,3100
1770,2016-03-07,7.46000,7.46000,7.38000,7.39000,3400
1771,2016-03-04,7.45000,7.46000,7.41000,7.45000,10800
1772,2016-03-03,7.30000,7.51000,7.30000,7.47000,6400
1773,2016-03-02,7.57000,7.58000,7.53000,7.54000,4300
1774,2016-03-01,7.32000,7.35000,7.29000,7.35000,7300
1775,2016-02-29,7.39000,7.40000,7.39000,7.40000,1500
1776,2016-02-26,7.46000,7.46000,7.46000,7.46000,0
1777,2016-02-25,7.47000,7.47000,7.35000,7.46000,1900
1778,2016-02-24,7.38000,7.40000,7.38000,7.38000,5600
1779,2016-02-23,7.55000,7.55000,7.54000,7.54000,300
1780,2016-02-22,7.68000,7.68000,7.58000,7.58000,1000
1781,2016-02-19,7.50000,7.50000,7.50000,7.50000,0
1782,2016-02-18,7.50000,7.50000,7.50000,7.50000,0
1783,2016-02-17,7.50000,7.50000,7.50000,7.50000,200
1784,2016-02-16,7.17000,7.17000,7.17000,7.17000,100
1785,2016-02-12,7.25000,7.25000,7.25000,7.25000,0
1786,2016-02-11,7.10000,7.26000,7.08000,7.25000,11800
1787,2016-02-10,7.30000,7.30000,7.30000,7.30000,0
1788,2016-02-09,7.30000,7.30000,7.30000,7.30000,0
1789,2016-02-08,7.41000,7.41000,7.30000,7.30000,300
1790,2016-02-05,7.30000,7.31000,7.18000,7.20000,4700
1791,2016-02-04,7.27000,7.40000,7.26000,7.29000,14100
1792,2016-02-03,7.25000,7.25000,7.25000,7.25000,0
1793,2016-02-02,7.50000,7.50000,7.25000,7.25000,1700
1794,2016-02-01,7.57000,7.57000,7.57000,7.57000,0
1795,2016-01-29,7.60000,7.60000,7.57000,7.57000,600
1796,2016-01-28,7.30000,7.30000,7.30000,7.30000,0
1797,2016-01-27,7.48000,7.48000,7.30000,7.30000,4500
1798,2016-01-26,7.32000,7.54000,7.27000,7.54000,4700
1799,2016-01-25,7.50000,7.50000,7.32000,7.32000,3100
1800,2016-01-22,7.40000,7.68000,7.35000,7.61000,2500
1801,2016-01-21,7.35000,7.71000,7.34000,7.71000,800
1802,2016-01-20,7.58000,7.58000,7.37000,7.37000,12900
1803,2016-01-19,7.60000,7.84000,7.60000,7.84000,700
1804,2016-01-15,7.72000,7.75000,7.70000,7.70000,3600
1805,2016-01-14,7.75000,7.75000,7.75000,7.75000,200
1806,2016-01-13,8.08000,8.12000,7.85000,7.85000,5100
1807,2016-01-12,7.88000,8.02000,7.88000,8.00000,2800
1808,2016-01-11,7.89000,7.89000,7.87000,7.89000,1400
1809,2016-01-08,7.89000,7.89000,7.89000,7.89000,200
1810,2016-01-07,7.76000,7.76000,7.76000,7.76000,0
1811,2016-01-06,7.81000,7.81000,7.76000,7.76000,2100
1812,2016-01-05,8.10000,8.10000,8.00000,8.00000,1400
1813,2016-01-04,8.08000,8.10000,8.07000,8.10000,1200
1814,2015-12-31,8.35000,8.35000,8.35000,8.35000,0
1815,2015-12-30,8.35000,8.35000,8.35000,8.35000,0
1816,2015-12-29,8.35000,8.35000,8.35000,8.35000,0
1817,2015-12-28,8.35000,8.35000,8.35000,8.35000,0
1818,2015-12-24,7.97000,8.37000,7.97000,8.35000,1500
1819,2015-12-23,8.11000,8.11000,8.06000,8.06000,1600
1820,2015-12-22,8.00000,8.00000,8.00000,8.00000,700
1821,2015-12-21,8.07000,8.08000,8.07000,8.08000,900
1822,2015-12-18,7.91000,8.00000,7.91000,7.92000,2200
1823,2015-12-17,8.18000,8.18000,8.18000,8.18000,0
1824,2015-12-16,8.05000,8.18000,8.05000,8.18000,2700
1825,2015-12-15,7.95000,7.95000,7.95000,7.95000,800
1826,2015-12-14,7.91000,7.96000,7.91000,7.96000,1400
1827,2015-12-11,8.00000,8.00000,7.79000,7.90000,1300
1828,2015-12-10,8.25000,8.25000,8.14000,8.25000,1200
1829,2015-12-09,8.25000,8.25000,8.00000,8.25000,4300
1830,2015-12-08,8.21000,8.21000,8.21000,8.21000,0
1831,2015-12-07,8.00000,8.25000,8.00000,8.21000,1500
1832,2015-12-04,8.15000,8.15000,8.15000,8.15000,0
1833,2015-12-03,8.15000,8.15000,8.15000,8.15000,0
1834,2015-12-02,8.17000,8.17000,8.15000,8.15000,3200
1835,2015-12-01,8.16000,8.16000,8.15000,8.15000,1200
1836,2015-11-30,8.36000,8.36000,8.21000,8.21000,1900
1837,2015-11-27,8.37000,8.37000,8.26000,8.26000,1200
1838,2015-11-25,8.39000,8.39000,8.22000,8.31000,6700
1839,2015-11-24,8.35000,8.38000,8.34000,8.38000,2700
1840,2015-11-23,8.40000,8.40000,8.34000,8.34000,600
1841,2015-11-20,8.47000,8.47000,8.30000,8.30000,1500
1842,2015-11-19,8.49000,8.49000,8.26000,8.37000,1200
1843,2015-11-18,8.21000,8.40000,8.21000,8.30000,900
1844,2015-11-17,8.80000,8.95000,8.20000,8.40000,12200
1845,2015-11-16,8.26000,8.55000,8.10000,8.55000,34300
1846,2015-11-13,7.21000,7.21000,7.21000,7.21000,0
1847,2015-11-12,7.21000,7.21000,7.21000,7.21000,200
1848,2015-11-11,7.29000,7.29000,7.29000,7.29000,0
1849,2015-11-10,7.11000,7.30000,7.10000,7.29000,2600
1850,2015-11-09,7.15000,7.15000,7.15000,7.15000,0
1851,2015-11-06,7.15000,7.15000,7.15000,7.15000,0
1852,2015-11-05,7.12000,7.15000,7.12000,7.15000,1100
1853,2015-11-04,7.15000,7.15000,7.15000,7.15000,0
1854,2015-11-03,7.15000,7.15000,7.15000,7.15000,0
1855,2015-11-02,7.05000,7.17000,7.05000,7.15000,9400
1856,2015-10-30,7.00000,7.09000,6.98000,7.09000,3300
1857,2015-10-29,6.90000,6.90000,6.90000,6.90000,800
1858,2015-10-28,6.78000,6.86000,6.77000,6.86000,4900
1859,2015-10-27,6.82000,6.85000,6.82000,6.85000,600
1860,2015-10-26,6.90000,6.90000,6.90000,6.90000,200
1861,2015-10-23,6.85000,6.85000,6.85000,6.85000,200
1862,2015-10-22,6.86000,6.86000,6.82000,6.85000,2600
1863,2015-10-21,7.00000,7.00000,7.00000,7.00000,0
1864,2015-10-20,7.00000,7.00000,7.00000,7.00000,0
1865,2015-10-19,7.00000,7.00000,7.00000,7.00000,0
1866,2015-10-16,7.00000,7.00000,7.00000,7.00000,0
1867,2015-10-15,6.89000,7.00000,6.89000,7.00000,3600
1868,2015-10-14,6.83000,6.89000,6.75000,6.76000,9300
1869,2015-10-13,6.80000,6.80000,6.80000,6.80000,300
1870,2015-10-12,6.95000,6.95000,6.82000,6.84000,2600
1871,2015-10-09,6.96000,6.96000,6.96000,6.96000,0
1872,2015-10-08,6.96000,6.96000,6.96000,6.96000,0
1873,2015-10-07,6.96000,6.96000,6.96000,6.96000,1000
1874,2015-10-06,7.00000,7.00000,7.00000,7.00000,2700
1875,2015-10-05,6.87000,6.99000,6.87000,6.99000,1600
1876,2015-10-02,7.07000,7.14000,6.80000,7.14000,1400
1877,2015-10-01,7.21000,7.21000,7.21000,7.21000,0
1878,2015-09-30,7.21000,7.21000,7.21000,7.21000,0
1879,2015-09-29,7.03000,7.21000,7.00000,7.21000,3000
1880,2015-09-28,7.00000,7.15000,7.00000,7.13000,1700
1881,2015-09-25,7.15000,7.15000,7.15000,7.15000,200
1882,2015-09-24,7.15000,7.15000,7.15000,7.15000,0
1883,2015-09-23,7.31000,7.41000,7.15000,7.15000,400
1884,2015-09-22,7.25000,7.27000,7.25000,7.27000,500
1885,2015-09-21,6.80000,7.50000,6.80000,7.50000,1000
1886,2015-09-18,7.55000,7.59000,7.15000,7.15000,2800
1887,2015-09-17,7.59000,7.75000,7.59000,7.75000,500
1888,2015-09-16,7.51000,7.60000,7.38000,7.60000,1100
1889,2015-09-15,7.72000,7.75000,7.72000,7.75000,500
1890,2015-09-14,7.41000,7.51000,7.41000,7.51000,900
1891,2015-09-11,7.60000,7.60000,7.52000,7.60000,1800
1892,2015-09-10,7.58000,7.60000,7.17000,7.47000,2100
1893,2015-09-09,7.30000,7.59000,7.30000,7.59000,700
1894,2015-09-08,7.20000,7.69000,7.20000,7.50000,5500
1895,2015-09-04,6.96000,6.96000,6.96000,6.96000,0
1896,2015-09-03,6.93000,6.96000,6.93000,6.96000,1200
1897,2015-09-02,7.07000,7.07000,7.07000,7.07000,0
1898,2015-09-01,7.07000,7.07000,7.07000,7.07000,0
1899,2015-08-31,7.07000,7.07000,7.07000,7.07000,0
1900,2015-08-28,7.07000,7.07000,7.07000,7.07000,200
1901,2015-08-27,7.07000,7.11000,7.07000,7.11000,1900
1902,2015-08-26,7.00000,7.00000,7.00000,7.00000,3600
1903,2015-08-25,7.00000,7.00000,7.00000,7.00000,0
1904,2015-08-24,7.00000,7.00000,7.00000,7.00000,0
1905,2015-08-21,6.97000,7.00000,6.95000,7.00000,3000
1906,2015-08-20,7.25000,7.25000,7.08000,7.09000,6600
1907,2015-08-19,7.40000,7.44000,7.30000,7.30000,5100
1908,2015-08-18,7.46000,7.58000,7.46000,7.58000,1700
1909,2015-08-17,7.50000,7.50000,7.50000,7.50000,200
1910,2015-08-14,7.50000,7.50000,7.20000,7.50000,17500
1911,2015-08-13,7.00000,7.94000,6.75000,7.50000,45900
1912,2015-08-12,6.25000,6.25000,6.03000,6.03000,400
1913,2015-08-11,6.23000,6.23000,6.23000,6.23000,0
1914,2015-08-10,6.23000,6.23000,6.23000,6.23000,100
1915,2015-08-07,6.10000,6.10000,6.10000,6.10000,0
1916,2015-08-06,6.10000,6.10000,6.10000,6.10000,100
1917,2015-08-05,6.05000,6.05000,6.05000,6.05000,0
1918,2015-08-04,5.93000,6.05000,5.93000,6.05000,200
1919,2015-08-03,6.25000,6.25000,6.25000,6.25000,0
1920,2015-07-31,6.01000,6.25000,6.01000,6.25000,1500
1921,2015-07-30,6.15000,6.15000,6.13000,6.14000,1100
1922,2015-07-29,6.14000,6.15000,6.06000,6.06000,2300
1923,2015-07-28,6.17000,6.17000,6.17000,6.17000,0
1924,2015-07-27,6.17000,6.17000,6.17000,6.17000,0
1925,2015-07-24,6.25000,6.26000,5.62000,6.17000,7200
1926,2015-07-23,6.53000,6.53000,6.53000,6.53000,0
1927,2015-07-22,6.53000,6.53000,6.53000,6.53000,0
1928,2015-07-21,6.53000,6.53000,6.53000,6.53000,0
1929,2015-07-20,6.53000,6.53000,6.53000,6.53000,0
1930,2015-07-17,6.53000,6.53000,6.53000,6.53000,0
1931,2015-07-16,6.53000,6.53000,6.53000,6.53000,300
1932,2015-07-15,6.50000,6.50000,6.50000,6.50000,0
1933,2015-07-14,6.50000,6.50000,6.50000,6.50000,0
1934,2015-07-13,6.74000,6.74000,6.50000,6.50000,2400
1935,2015-07-10,6.74000,6.74000,6.74000,6.74000,100
1936,2015-07-09,6.42000,6.42000,6.42000,6.42000,0
1937,2015-07-08,6.42000,6.42000,6.42000,6.42000,0
1938,2015-07-07,6.42000,6.42000,6.42000,6.42000,0
1939,2015-07-06,6.42000,6.42000,6.42000,6.42000,0
1940,2015-07-02,6.40000,6.42000,6.40000,6.42000,200
1941,2015-07-01,6.65000,6.65000,6.65000,6.65000,0
1942,2015-06-30,6.65000,6.65000,6.65000,6.65000,0
1943,2015-06-29,6.65000,6.65000,6.65000,6.65000,1200
1944,2015-06-26,6.70000,6.70000,6.70000,6.70000,0
1945,2015-06-25,6.70000,6.70000,6.67000,6.70000,900
1946,2015-06-24,6.45000,6.68000,6.45000,6.68000,2200
1947,2015-06-23,6.35000,6.42000,6.35000,6.41000,600
1948,2015-06-22,6.45000,6.45000,6.45000,6.45000,100
1949,2015-06-19,6.34000,6.34000,6.30000,6.31000,2400
1950,2015-06-18,6.68000,6.75000,6.58000,6.75000,1100
1951,2015-06-17,6.71000,6.71000,6.36000,6.38000,700
1952,2015-06-16,6.73000,6.73000,6.41000,6.41000,300
1953,2015-06-15,6.72000,6.72000,6.72000,6.72000,100
1954,2015-06-12,6.70000,6.75000,6.70000,6.75000,1200
1955,2015-06-11,6.60000,6.60000,6.60000,6.60000,1800
1956,2015-06-10,6.40000,6.40000,6.40000,6.40000,0
1957,2015-06-09,6.40000,6.40000,6.40000,6.40000,0
1958,2015-06-08,6.40000,6.40000,6.40000,6.40000,1800
1959,2015-06-05,6.70000,6.70000,6.68000,6.68000,1500
1960,2015-06-04,6.73000,6.73000,6.73000,6.73000,100
1961,2015-06-03,6.68000,6.68000,6.68000,6.68000,100
1962,2015-06-02,6.67000,6.67000,6.67000,6.67000,0
1963,2015-06-01,6.57000,6.67000,6.57000,6.67000,5100
1964,2015-05-29,6.54000,6.54000,6.43000,6.43000,700
1965,2015-05-28,6.50000,6.50000,6.47000,6.47000,500
1966,2015-05-27,6.50000,6.50000,6.50000,6.50000,100
1967,2015-05-26,6.46000,6.55000,6.45000,6.48000,8500
1968,2015-05-22,6.39000,6.46000,6.39000,6.46000,1100
1969,2015-05-21,6.32000,6.37000,6.32000,6.37000,1700
1970,2015-05-20,6.31000,6.31000,6.31000,6.31000,0
1971,2015-05-19,6.33000,6.33000,6.31000,6.31000,1000
1972,2015-05-18,6.45000,6.45000,6.42000,6.42000,1100
1973,2015-05-15,6.40000,6.50000,6.31000,6.41000,10400
1974,2015-05-14,6.68000,6.70000,6.52000,6.60000,8200
1975,2015-05-13,6.74000,6.74000,6.73000,6.73000,800
1976,2015-05-12,6.57000,6.57000,6.57000,6.57000,0
1977,2015-05-11,6.70000,6.90000,6.57000,6.57000,700
1978,2015-05-08,6.80000,6.88000,6.62000,6.88000,4700
1979,2015-05-07,6.57000,6.57000,6.57000,6.57000,0
1980,2015-05-06,6.66000,6.66000,6.55000,6.57000,5100
1981,2015-05-05,6.50000,6.81000,6.50000,6.78000,1200
1982,2015-05-04,6.50000,6.78000,6.50000,6.78000,4300
1983,2015-05-01,6.50000,6.70000,6.50000,6.55000,7900
1984,2015-04-30,6.66000,6.66000,6.66000,6.66000,200
1985,2015-04-29,6.48000,6.70000,6.48000,6.70000,3300
1986,2015-04-28,6.84000,6.85000,6.82000,6.82000,800
1987,2015-04-27,6.85000,6.85000,6.85000,6.85000,300
1988,2015-04-24,6.60000,6.85000,6.60000,6.85000,7900
1989,2015-04-23,6.78000,6.78000,6.78000,6.78000,0
1990,2015-04-22,6.78000,6.78000,6.78000,6.78000,2000
1991,2015-04-21,6.88000,6.88000,6.88000,6.88000,0
1992,2015-04-20,6.86000,6.88000,6.86000,6.88000,1500
1993,2015-04-17,6.90000,6.90000,6.90000,6.90000,0
1994,2015-04-16,6.87000,6.91000,6.83000,6.90000,8300
1995,2015-04-15,6.70000,6.99000,6.70000,6.90000,1300
1996,2015-04-14,6.55000,6.55000,6.55000,6.55000,300
1997,2015-04-13,6.62000,6.86000,6.58000,6.80000,5500
1998,2015-04-10,6.62000,6.62000,6.62000,6.62000,0
1999,2015-04-09,6.90000,6.90000,6.62000,6.62000,300
2000,2015-04-08,6.80000,6.89000,6.70000,6.89000,10000
2001,2015-04-07,6.91000,6.91000,6.91000,6.91000,200
2002,2015-04-06,6.99000,7.06000,6.89000,7.06000,6300
2003,2015-04-02,6.88000,7.06000,6.84000,7.05000,3100
2004,2015-04-01,6.89000,6.89000,6.84000,6.84000,700
2005,2015-03-31,6.89000,6.92000,6.81000,6.89000,8800
2006,2015-03-30,6.81000,6.81000,6.75000,6.80000,9300
2007,2015-03-27,6.41000,6.90000,6.41000,6.88000,38700
2008,2015-03-26,6.49000,6.49000,6.49000,6.49000,100
2009,2015-03-25,6.37000,6.37000,6.37000,6.37000,400
2010,2015-03-24,6.45000,6.45000,6.45000,6.45000,400
2011,2015-03-23,6.44000,6.44000,6.13000,6.32000,16100
2012,2015-03-20,6.30000,6.64000,6.05000,6.05000,57100
2013,2015-03-19,6.35000,6.50000,6.26000,6.30000,4500
2014,2015-03-18,6.30000,6.44000,6.30000,6.44000,1700
2015,2015-03-17,6.29000,6.29000,6.05000,6.25000,16700
2016,2015-03-16,6.22000,6.26000,6.22000,6.26000,1500
2017,2015-03-13,6.22000,6.22000,6.22000,6.22000,300
2018,2015-03-12,6.42000,6.42000,6.17000,6.22000,3300
2019,2015-03-11,6.43000,6.45000,6.30000,6.45000,400
2020,2015-03-10,6.38000,6.38000,6.38000,6.38000,200
2021,2015-03-09,6.25000,6.45000,6.22000,6.33000,1300
2022,2015-03-06,6.45000,6.45000,6.37000,6.37000,2200
2023,2015-03-05,6.26000,6.26000,6.26000,6.26000,0
2024,2015-03-04,6.38000,6.38000,6.23000,6.26000,5600
2025,2015-03-03,6.50000,6.50000,6.50000,6.50000,0
2026,2015-03-02,6.47000,6.58000,6.24000,6.50000,63300
2027,2015-02-27,6.15000,6.69000,6.15000,6.45000,96300
2028,2015-02-26,6.25000,6.44000,6.11000,6.44000,67200
2029,2015-02-25,6.05000,6.05000,6.05000,6.05000,0
2030,2015-02-24,6.06000,6.06000,6.06000,6.06000,0
2031,2015-02-23,6.33000,6.33000,6.33000,6.33000,0
2032,2015-02-20,6.45000,6.45000,6.27000,6.33000,1900
2033,2015-02-19,6.62000,6.80000,6.57000,6.62000,44700
2034,2015-02-18,6.27000,6.82000,6.10000,6.60000,180600
2035,2015-02-17,6.69000,6.69000,6.17000,6.27000,37700
2036,2015-02-13,6.63000,6.67000,6.37000,6.50000,5900
2037,2015-02-12,6.78000,6.79000,6.60000,6.60000,8900
2038,2015-02-11,6.27000,6.74000,6.05000,6.55000,63500
2039,2015-02-10,6.10000,6.42000,5.92000,6.13000,35000
2040,2015-02-09,6.16000,6.16000,6.16000,6.16000,200
2041,2015-02-06,6.01000,6.17000,6.01000,6.17000,3400
2042,2015-02-05,6.25000,6.25000,6.25000,6.25000,200
2043,2015-02-04,6.26000,6.30000,6.26000,6.27000,3800
2044,2015-02-03,6.36000,6.36000,6.34000,6.34000,400
2045,2015-02-02,6.37000,6.56000,6.26000,6.26000,1100
2046,2015-01-30,6.61000,6.75000,6.40000,6.45000,33000
2047,2015-01-29,6.35000,6.70000,6.10000,6.56000,44300
2048,2015-01-28,6.67000,6.67000,6.45000,6.45000,800
2049,2015-01-27,6.85000,6.98000,6.74000,6.74000,25800
2050,2015-01-26,6.22000,6.99000,6.22000,6.86000,20200
2051,2015-01-23,6.30000,6.49000,6.00000,6.49000,13500
2052,2015-01-22,6.49000,6.49000,6.49000,6.49000,300
2053,2015-01-21,6.49000,6.49000,6.49000,6.49000,0
2054,2015-01-20,6.49000,6.49000,6.49000,6.49000,0
2055,2015-01-16,6.49000,6.49000,6.47000,6.49000,1200
2056,2015-01-15,6.26000,6.26000,6.25000,6.25000,700
2057,2015-01-14,6.25000,6.49000,6.25000,6.37000,1900
2058,2015-01-13,6.25000,6.25000,6.25000,6.25000,300
2059,2015-01-12,6.21000,6.21000,6.21000,6.21000,100
2060,2015-01-09,6.25000,6.30000,6.25000,6.30000,1500
2061,2015-01-08,6.25000,6.25000,6.25000,6.25000,0
2062,2015-01-07,6.25000,6.25000,6.25000,6.25000,0
2063,2015-01-06,6.25000,6.25000,6.25000,6.25000,0
2064,2015-01-05,6.29000,6.29000,6.25000,6.25000,1000
2065,2015-01-02,6.01000,6.01000,6.01000,6.01000,0
2066,2014-12-31,6.49000,6.49000,6.49000,6.49000,0
2067,2014-12-30,6.49000,6.49000,6.49000,6.49000,1300
2068,2014-12-29,6.49000,6.49000,6.20000,6.20000,500
2069,2014-12-26,6.49000,6.49000,6.49000,6.49000,0
2070,2014-12-24,6.49000,6.49000,6.49000,6.49000,1000
2071,2014-12-23,6.32000,6.38000,6.32000,6.36000,2000
2072,2014-12-22,6.48000,6.49000,6.22000,6.38000,2700
2073,2014-12-19,6.05000,6.49000,6.01000,6.49000,4000
2074,2014-12-18,6.05000,6.05000,6.05000,6.05000,900
2075,2014-12-17,6.41000,6.41000,6.05000,6.05000,1800
2076,2014-12-16,6.16000,6.16000,6.16000,6.16000,0
2077,2014-12-15,6.09000,6.27000,6.02000,6.16000,2200
2078,2014-12-12,5.86000,5.86000,5.86000,5.86000,0
2079,2014-12-11,6.03000,6.03000,5.86000,5.86000,5300
2080,2014-12-10,6.00000,6.05000,6.00000,6.05000,4500
2081,2014-12-09,6.09000,6.24000,6.00000,6.24000,4100
2082,2014-12-08,6.09000,6.12000,6.05000,6.11000,6400
2083,2014-12-05,6.16000,6.16000,6.12000,6.16000,9300
2084,2014-12-04,6.14000,6.17000,6.14000,6.16000,3100
2085,2014-12-03,6.49000,6.49000,6.49000,6.49000,0
2086,2014-12-02,6.49000,6.49000,6.49000,6.49000,100
2087,2014-12-01,6.10000,6.39000,6.10000,6.39000,400
2088,2014-11-28,6.45000,6.45000,6.45000,6.45000,0
2089,2014-11-26,6.40000,6.45000,6.40000,6.45000,1700
2090,2014-11-25,6.49000,6.49000,6.45000,6.45000,500
2091,2014-11-24,6.44000,6.44000,6.44000,6.44000,0
2092,2014-11-21,6.45000,6.45000,6.43000,6.44000,1600
2093,2014-11-20,6.48000,6.50000,6.45000,6.50000,2000
2094,2014-11-19,6.06000,6.06000,6.06000,6.06000,0
2095,2014-11-18,6.06000,6.06000,6.06000,6.06000,100
2096,2014-11-17,6.40000,6.40000,6.40000,6.40000,0
2097,2014-11-14,6.40000,6.40000,6.40000,6.40000,100
2098,2014-11-13,6.26000,6.39000,6.25000,6.39000,3500
2099,2014-11-12,6.26000,6.26000,6.26000,6.26000,200
2100,2014-11-11,6.29000,6.30000,6.17000,6.30000,3300
2101,2014-11-10,6.15000,6.31000,6.15000,6.31000,1000
2102,2014-11-07,6.39000,6.39000,6.39000,6.39000,0
2103,2014-11-06,6.18000,6.39000,5.95000,6.39000,5900
2104,2014-11-05,6.35000,6.40000,6.35000,6.40000,800
2105,2014-11-04,6.36000,6.36000,6.36000,6.36000,400
2106,2014-11-03,6.35000,6.40000,6.35000,6.40000,3300
2107,2014-10-31,6.30000,6.50000,6.20000,6.41000,4500
2108,2014-10-30,6.49000,6.49000,6.20000,6.20000,4500
2109,2014-10-29,6.49000,6.50000,6.42000,6.42000,4700
2110,2014-10-28,6.51000,6.51000,6.51000,6.51000,100
2111,2014-10-27,6.43000,6.54000,6.42000,6.54000,700
2112,2014-10-24,6.43000,6.46000,6.31000,6.31000,3200
2113,2014-10-23,6.29000,6.43000,6.29000,6.40000,1500
2114,2014-10-22,6.40000,6.40000,6.22000,6.37000,1000
2115,2014-10-21,5.55000,6.43000,5.54000,6.43000,32100
2116,2014-10-20,6.58000,6.61000,6.00000,6.00000,19400
2117,2014-10-17,7.12000,7.12000,7.12000,7.12000,100
2118,2014-10-16,7.10000,7.11000,6.60000,7.02000,4900
2119,2014-10-15,7.40000,7.40000,7.30000,7.30000,2700
2120,2014-10-14,7.43000,7.43000,7.43000,7.43000,600
2121,2014-10-13,7.65000,7.65000,7.65000,7.65000,0
2122,2014-10-10,7.65000,7.65000,7.65000,7.65000,0
2123,2014-10-09,7.65000,7.65000,7.65000,7.65000,0
2124,2014-10-08,7.66000,7.69000,7.65000,7.65000,1900
2125,2014-10-07,7.99000,7.99000,7.99000,7.99000,0
2126,2014-10-06,7.99000,7.99000,7.99000,7.99000,200
2127,2014-10-03,7.73000,7.73000,7.73000,7.73000,0
2128,2014-10-02,7.73000,7.73000,7.73000,7.73000,0
2129,2014-10-01,7.73000,7.73000,7.73000,7.73000,0
2130,2014-09-30,7.73000,7.73000,7.73000,7.73000,0
2131,2014-09-29,7.71000,7.73000,7.71000,7.73000,600
2132,2014-09-26,7.92000,7.95000,7.91000,7.95000,1400
2133,2014-09-25,7.86000,7.86000,7.86000,7.86000,0
2134,2014-09-24,7.88000,7.88000,7.86000,7.86000,1700
2135,2014-09-23,8.10000,8.10000,7.74000,7.74000,800
2136,2014-09-22,8.13000,8.13000,8.13000,8.13000,0
2137,2014-09-19,8.13000,8.13000,8.13000,8.13000,0
2138,2014-09-18,8.13000,8.13000,8.13000,8.13000,0
2139,2014-09-17,7.74000,8.13000,7.74000,8.13000,18300
2140,2014-09-16,7.93000,7.93000,7.60000,7.64000,1300
2141,2014-09-15,7.99000,7.99000,7.60000,7.80000,5800
2142,2014-09-12,7.50000,7.65000,7.50000,7.65000,5500
2143,2014-09-11,7.40000,7.40000,7.40000,7.40000,2800
2144,2014-09-10,7.35000,7.45000,7.35000,7.45000,1800
2145,2014-09-09,7.46000,7.46000,7.46000,7.46000,0
2146,2014-09-08,7.46000,7.46000,7.46000,7.46000,0
2147,2014-09-05,7.48000,7.65000,7.45000,7.46000,12600
2148,2014-09-04,7.36000,7.68000,7.30000,7.36000,11400
2149,2014-09-03,7.49000,7.50000,7.48000,7.50000,2800
2150,2014-09-02,7.25000,7.25000,7.25000,7.25000,0
2151,2014-08-29,7.44000,7.44000,7.10000,7.25000,900
2152,2014-08-28,7.45000,7.52000,7.18000,7.18000,2100
2153,2014-08-27,7.67000,7.67000,7.52000,7.52000,2000
2154,2014-08-26,7.40000,7.40000,7.06000,7.06000,700
2155,2014-08-25,7.16000,7.19000,7.16000,7.16000,1200
2156,2014-08-22,7.19000,7.19000,7.19000,7.19000,100
2157,2014-08-21,7.21000,7.21000,7.21000,7.21000,200
2158,2014-08-20,7.21000,7.21000,7.21000,7.21000,0
2159,2014-08-19,7.21000,7.21000,7.21000,7.21000,0
2160,2014-08-18,7.21000,7.21000,7.21000,7.21000,0
2161,2014-08-15,7.20000,7.49000,6.90000,7.21000,5400
2162,2014-08-14,6.76000,7.20000,6.76000,7.20000,1400
2163,2014-08-13,7.00000,7.03000,6.90000,7.01000,8000
2164,2014-08-12,6.67000,7.07000,6.67000,7.04000,11000
2165,2014-08-11,6.76000,6.93000,6.75000,6.76000,700
2166,2014-08-08,6.86000,6.86000,6.76000,6.76000,500
2167,2014-08-07,6.86000,6.86000,6.86000,6.86000,100
2168,2014-08-06,7.10000,7.52000,6.87000,6.96000,4800
2169,2014-08-05,7.00000,7.31000,6.65000,7.06000,15100
2170,2014-08-04,7.12000,7.12000,6.86000,6.86000,1500
2171,2014-08-01,6.58000,7.53000,6.58000,7.21000,28100
2172,2014-07-31,6.85000,6.85000,6.85000,6.85000,500
2173,2014-07-30,6.79000,6.98000,6.65000,6.90000,11600
2174,2014-07-29,6.72000,7.00000,6.54000,6.81000,22400
2175,2014-07-28,6.97000,6.97000,6.97000,6.97000,0
2176,2014-07-25,6.72000,6.97000,6.72000,6.97000,13500
2177,2014-07-24,6.82000,6.84000,6.82000,6.84000,1000
2178,2014-07-23,6.90000,6.90000,6.90000,6.90000,200
2179,2014-07-22,6.80000,6.97000,6.80000,6.89000,6700
2180,2014-07-21,6.80000,6.80000,6.70000,6.71000,700
2181,2014-07-18,6.91000,6.91000,6.91000,6.91000,300
2182,2014-07-17,6.76000,6.76000,6.71000,6.75000,1600
2183,2014-07-16,6.73000,6.99000,6.70000,6.99000,3500
2184,2014-07-15,6.99000,6.99000,6.99000,6.99000,0
2185,2014-07-14,6.75000,6.99000,6.75000,6.99000,3500
2186,2014-07-11,7.01000,7.01000,6.75000,6.75000,3000
2187,2014-07-10,6.90000,6.90000,6.90000,6.90000,0
2188,2014-07-09,6.91000,6.91000,6.90000,6.90000,500
2189,2014-07-08,7.10000,7.10000,7.10000,7.10000,0
2190,2014-07-07,7.05000,7.10000,7.05000,7.10000,1400
2191,2014-07-03,7.04000,7.04000,7.04000,7.04000,0
2192,2014-07-02,7.32000,7.33000,7.04000,7.04000,2000
2193,2014-07-01,7.03000,7.24000,7.03000,7.20000,1400
2194,2014-06-30,7.05000,7.05000,6.94000,6.96000,1400
2195,2014-06-27,7.18000,7.25000,7.04000,7.04000,2300
2196,2014-06-26,6.95000,6.95000,6.95000,6.95000,100
2197,2014-06-25,7.01000,7.01000,7.01000,7.01000,0
2198,2014-06-24,7.01000,7.01000,7.01000,7.01000,0
2199,2014-06-23,7.01000,7.01000,7.01000,7.01000,0
2200,2014-06-20,6.94000,7.01000,6.94000,7.01000,1700
2201,2014-06-19,7.05000,7.05000,7.05000,7.05000,200
2202,2014-06-18,7.02000,7.02000,7.02000,7.02000,0
2203,2014-06-17,7.02000,7.02000,7.02000,7.02000,0
2204,2014-06-16,7.02000,7.02000,7.02000,7.02000,0
2205,2014-06-13,7.02000,7.02000,7.02000,7.02000,0
2206,2014-06-12,7.02000,7.02000,7.02000,7.02000,0
2207,2014-06-11,7.02000,7.02000,7.02000,7.02000,0
2208,2014-06-10,7.08000,7.36000,7.02000,7.02000,5200
2209,2014-06-09,6.85000,7.09000,6.83000,7.06000,3900
2210,2014-06-06,6.88000,6.88000,6.88000,6.88000,0
2211,2014-06-05,6.79000,6.88000,6.75000,6.88000,7000
2212,2014-06-04,6.81000,6.94000,6.81000,6.94000,700
2213,2014-06-03,7.00000,7.00000,6.90000,6.90000,1000
2214,2014-06-02,6.75000,6.75000,6.75000,6.75000,500
2215,2014-05-30,6.79000,7.05000,6.79000,6.84000,4100
2216,2014-05-29,6.98000,7.49000,6.94000,7.00000,6300
2217,2014-05-28,6.96000,6.96000,6.91000,6.91000,300
2218,2014-05-27,6.99000,6.99000,6.89000,6.90000,8800
2219,2014-05-23,7.05000,7.09000,6.80000,6.80000,6300
2220,2014-05-22,7.21000,7.21000,7.09000,7.09000,5500
2221,2014-05-21,7.27000,7.27000,7.25000,7.25000,600
2222,2014-05-20,7.28000,7.28000,7.17000,7.17000,2800
2223,2014-05-19,7.24000,7.28000,7.24000,7.25000,1700
2224,2014-05-16,7.30000,7.30000,6.86000,7.20000,9800
2225,2014-05-15,7.28000,7.44000,7.27000,7.40000,1600
2226,2014-05-14,7.33000,7.52000,7.25000,7.45000,5000
2227,2014-05-13,7.59000,7.70000,7.35000,7.67000,38700
2228,2014-05-12,7.65000,7.65000,7.65000,7.65000,0
2229,2014-05-09,7.65000,7.67000,7.65000,7.65000,1500
2230,2014-05-08,7.68000,7.71000,7.65000,7.69000,5500
2231,2014-05-07,7.80000,7.82000,7.78000,7.82000,2800
2232,2014-05-06,7.76000,7.79000,7.76000,7.79000,700
2233,2014-05-05,7.80000,7.80000,7.80000,7.80000,200
2234,2014-05-02,7.92000,7.92000,7.92000,7.92000,200
2235,2014-05-01,7.81000,7.81000,7.80000,7.80000,2500
2236,2014-04-30,7.80000,7.80000,7.80000,7.80000,0
2237,2014-04-29,7.80000,7.81000,7.80000,7.80000,4700
2238,2014-04-28,7.80000,7.80000,7.80000,7.80000,0
2239,2014-04-25,7.80000,7.80000,7.80000,7.80000,0
2240,2014-04-24,7.80000,7.80000,7.80000,7.80000,100
2241,2014-04-23,7.96000,7.96000,7.80000,7.80000,1400
2242,2014-04-22,7.80000,7.86000,7.80000,7.80000,3300
2243,2014-04-21,7.80000,7.80000,7.80000,7.80000,0
2244,2014-04-17,7.86000,7.86000,7.79000,7.80000,7200
2245,2014-04-16,7.86000,7.86000,7.76000,7.86000,1400
2246,2014-04-15,7.85000,7.85000,7.85000,7.85000,0
2247,2014-04-14,7.85000,7.85000,7.85000,7.85000,0
2248,2014-04-11,7.73000,7.85000,7.73000,7.85000,600
2249,2014-04-10,7.98000,7.99000,7.74000,7.74000,4100
2250,2014-04-09,7.80000,7.87000,7.75000,7.84000,12900
2251,2014-04-08,7.74000,7.81000,7.70000,7.80000,2300
2252,2014-04-07,7.73000,7.73000,7.73000,7.73000,100
2253,2014-04-04,7.76000,7.81000,7.75000,7.78000,21300
2254,2014-04-03,7.65000,7.95000,7.65000,7.75000,8900
2255,2014-04-02,7.74000,7.84000,7.65000,7.70000,12600
2256,2014-04-01,7.78000,7.81000,7.55000,7.65000,21100
2257,2014-03-31,7.49000,7.78000,7.49000,7.75000,4400
2258,2014-03-28,7.49000,7.85000,7.48000,7.49000,1000
2259,2014-03-27,7.46000,7.82000,7.41000,7.47000,39300
2260,2014-03-26,7.52000,7.52000,7.50000,7.50000,900
2261,2014-03-25,7.56000,7.80000,7.36000,7.49000,32900
2262,2014-03-24,8.08000,8.08000,7.32000,7.56000,60800
2263,2014-03-21,8.61000,8.72000,8.43000,8.72000,4800
2264,2014-03-20,8.48000,8.70000,8.48000,8.60000,4500
2265,2014-03-19,8.59000,8.66000,8.45000,8.58000,16800
2266,2014-03-18,8.65000,9.00000,8.24000,8.72000,50600
2267,2014-03-17,8.70000,8.70000,8.43000,8.46000,800
2268,2014-03-14,8.70000,8.70000,8.55000,8.55000,1800
2269,2014-03-13,8.60000,8.70000,8.60000,8.68000,4500
2270,2014-03-12,8.20000,8.70000,8.12000,8.50000,10400
2271,2014-03-11,8.20000,8.96000,8.12000,8.74000,66800
2272,2014-03-10,8.18000,8.56000,8.15000,8.28000,32300
2273,2014-03-07,8.37000,8.38000,8.17000,8.17000,5600
2274,2014-03-06,8.49000,8.49000,8.49000,8.49000,800
2275,2014-03-05,8.33000,8.33000,8.33000,8.33000,1100
2276,2014-03-04,8.68000,8.84000,8.40000,8.51000,6400
2277,2014-03-03,8.22000,8.38000,8.22000,8.25000,800
2278,2014-02-28,8.14000,8.29000,8.13000,8.16000,3600
2279,2014-02-27,8.20000,8.20000,8.19000,8.19000,2100
2280,2014-02-26,8.30000,8.46000,8.23000,8.32000,1200
2281,2014-02-25,8.08000,8.54000,8.05000,8.23000,27300
2282,2014-02-24,8.37000,8.37000,8.35000,8.35000,400
2283,2014-02-21,8.18000,8.33000,8.18000,8.27000,500
2284,2014-02-20,8.12000,8.17000,8.00000,8.15000,3800
2285,2014-02-19,8.10000,8.15000,8.09000,8.15000,3900
2286,2014-02-18,8.15000,8.15000,8.04000,8.04000,6600
2287,2014-02-14,8.45000,8.51000,8.14000,8.15000,6200
2288,2014-02-13,8.12000,8.19000,8.05000,8.15000,13800
2289,2014-02-12,8.30000,8.30000,8.05000,8.05000,4700
2290,2014-02-11,8.20000,8.20000,8.00000,8.17000,2900
2291,2014-02-10,7.88000,8.12000,7.88000,8.12000,4100
2292,2014-02-07,7.89000,8.10000,7.89000,8.00000,4000
2293,2014-02-06,8.10000,8.15000,8.01000,8.01000,10000
2294,2014-02-05,7.95000,7.95000,7.93000,7.93000,500
2295,2014-02-04,7.88000,7.88000,7.83000,7.83000,1700
2296,2014-02-03,7.92000,7.92000,7.74000,7.89000,3700
2297,2014-01-31,7.92000,7.92000,7.92000,7.92000,200
2298,2014-01-30,8.02000,8.02000,7.97000,8.00000,3500
2299,2014-01-29,8.00000,8.02000,8.00000,8.02000,700
2300,2014-01-28,7.96000,7.96000,7.95000,7.95000,1100
2301,2014-01-27,8.00000,8.00000,7.92000,7.98000,7100
2302,2014-01-24,8.53000,8.75000,7.92000,8.17000,28900
2303,2014-01-23,8.49000,8.49000,8.00000,8.02000,15400
2304,2014-01-22,8.45000,8.45000,8.45000,8.45000,0
2305,2014-01-21,8.44000,8.45000,8.44000,8.45000,5200
2306,2014-01-17,8.44000,8.44000,8.35000,8.35000,3400
2307,2014-01-16,8.31000,8.31000,8.31000,8.31000,400
2308,2014-01-15,8.36000,8.36000,8.35000,8.35000,2300
2309,2014-01-14,8.45000,8.45000,8.45000,8.45000,0
2310,2014-01-13,8.45000,8.45000,8.45000,8.45000,0
2311,2014-01-10,8.45000,8.45000,8.45000,8.45000,0
2312,2014-01-09,8.45000,8.45000,8.30000,8.45000,2300
2313,2014-01-08,8.43000,8.43000,8.43000,8.43000,0
2314,2014-01-07,8.45000,8.45000,8.43000,8.43000,600
2315,2014-01-06,8.43000,8.43000,8.35000,8.40000,1600
2316,2014-01-03,8.39000,8.40000,8.25000,8.25000,3100
2317,2014-01-02,8.16000,8.16000,8.16000,8.16000,600
2318,2013-12-31,8.10000,8.10000,8.10000,8.10000,1400
2319,2013-12-30,8.25000,8.49000,8.10000,8.10000,9200
2320,2013-12-27,8.19000,8.22000,7.96000,8.07000,4000
2321,2013-12-26,7.96000,8.26000,7.96000,8.26000,10400
2322,2013-12-24,8.03000,8.25000,8.02000,8.05000,3100
2323,2013-12-23,8.25000,8.25000,8.25000,8.25000,0
2324,2013-12-20,8.25000,8.25000,8.25000,8.25000,3000
2325,2013-12-19,8.24000,8.25000,8.20000,8.20000,4500
2326,2013-12-18,8.12000,8.37000,8.12000,8.25000,12700
2327,2013-12-17,8.00000,8.19000,8.00000,8.19000,6700
2328,2013-12-16,8.15000,8.15000,8.10000,8.10000,6400
2329,2013-12-13,8.06000,8.17000,7.70000,8.17000,9000
2330,2013-12-12,8.15000,8.15000,8.15000,8.15000,0
2331,2013-12-11,8.26000,8.26000,8.10000,8.15000,1300
2332,2013-12-10,8.10000,8.25000,8.10000,8.25000,9900
2333,2013-12-09,8.15000,8.15000,8.02000,8.10000,2100
2334,2013-12-06,8.20000,8.33000,8.20000,8.25000,5300
2335,2013-12-05,8.10000,8.10000,8.10000,8.10000,300
2336,2013-12-04,8.11000,8.21000,8.05000,8.12000,3100
2337,2013-12-03,8.36000,8.36000,8.10000,8.17000,9600
2338,2013-12-02,8.50000,8.50000,8.40000,8.41000,1900
2339,2013-11-29,8.70000,8.70000,8.34000,8.50000,18400
2340,2013-11-27,8.46000,9.04000,8.40000,8.58000,70700
2341,2013-11-26,8.50000,8.50000,8.32000,8.32000,2000
2342,2013-11-25,8.50000,8.50000,8.46000,8.46000,600
2343,2013-11-22,8.35000,8.55000,8.35000,8.50000,5700
2344,2013-11-21,8.50000,8.50000,8.50000,8.50000,3300
2345,2013-11-20,8.50000,8.50000,8.25000,8.30000,3400
2346,2013-11-19,8.46000,8.46000,8.46000,8.46000,200
2347,2013-11-18,8.49000,8.49000,8.48000,8.49000,700
2348,2013-11-15,8.50000,8.50000,8.35000,8.35000,3300
2349,2013-11-14,8.50000,8.75000,8.50000,8.65000,6400
2350,2013-11-13,8.50000,8.50000,8.40000,8.40000,1200
2351,2013-11-12,8.49000,8.49000,8.49000,8.49000,100
2352,2013-11-11,8.50000,8.50000,8.50000,8.50000,0
2353,2013-11-08,8.26000,8.50000,8.26000,8.50000,800
2354,2013-11-07,8.20000,8.47000,8.20000,8.25000,500
2355,2013-11-06,8.45000,8.45000,8.45000,8.45000,0
2356,2013-11-05,8.50000,8.57000,8.38000,8.45000,4600
2357,2013-11-04,8.43000,8.43000,8.43000,8.43000,0
2358,2013-11-01,8.43000,8.43000,8.43000,8.43000,100
2359,2013-10-31,8.58000,8.84000,8.40000,8.44000,14900
2360,2013-10-30,8.70000,8.70000,8.70000,8.70000,100
2361,2013-10-29,8.40000,8.42000,8.39000,8.40000,1100
2362,2013-10-28,8.65000,8.65000,8.50000,8.55000,2700
2363,2013-10-25,8.69000,8.69000,8.36000,8.50000,1300
2364,2013-10-24,8.42000,8.60000,8.38000,8.47000,2800
2365,2013-10-23,8.60000,8.60000,8.60000,8.60000,0
2366,2013-10-22,8.58000,8.60000,8.58000,8.60000,1200
2367,2013-10-21,8.52000,8.60000,8.52000,8.60000,2600
2368,2013-10-18,8.26000,8.67000,8.26000,8.67000,1500
2369,2013-10-17,8.85000,8.90000,8.84000,8.88000,1000
2370,2013-10-16,8.82000,8.90000,8.70000,8.75000,2100
2371,2013-10-15,8.83000,8.90000,8.83000,8.90000,4400
2372,2013-10-14,8.75000,8.85000,8.75000,8.80000,1500
2373,2013-10-11,8.72000,8.74000,8.72000,8.74000,200
2374,2013-10-10,8.93000,9.05000,8.74000,8.74000,8100
2375,2013-10-09,8.79000,8.79000,8.79000,8.79000,0
2376,2013-10-08,8.90000,8.90000,8.77000,8.79000,3300
2377,2013-10-07,8.65000,8.80000,8.26000,8.26000,6000
2378,2013-10-04,8.66000,8.71000,8.56000,8.71000,2200
2379,2013-10-03,8.61000,8.61000,8.48000,8.60000,1400
2380,2013-10-02,8.89000,8.90000,8.69000,8.70000,13500
2381,2013-10-01,8.83000,8.90000,8.70000,8.85000,7900
2382,2013-09-30,8.81000,8.88000,8.67000,8.71000,6000
2383,2013-09-27,8.61000,8.82000,8.60000,8.81000,3900
2384,2013-09-26,8.92000,8.92000,8.84000,8.85000,600
2385,2013-09-25,8.68000,8.95000,8.65000,8.72000,1700
2386,2013-09-24,8.64000,8.84000,8.64000,8.70000,400
2387,2013-09-23,8.90000,8.97000,8.64000,8.64000,10000
2388,2013-09-20,8.64000,8.91000,8.60000,8.91000,5500
2389,2013-09-19,8.57000,8.57000,8.57000,8.57000,0
2390,2013-09-18,9.06000,9.06000,8.57000,8.57000,17900
2391,2013-09-17,9.31000,9.31000,8.74000,9.08000,12400
2392,2013-09-16,8.99000,8.99000,8.70000,8.85000,9200
2393,2013-09-13,8.81000,8.95000,8.62000,8.95000,6500
2394,2013-09-12,8.80000,8.80000,8.80000,8.80000,0
2395,2013-09-11,8.80000,8.80000,8.80000,8.80000,1500
2396,2013-09-10,8.55000,8.75000,8.55000,8.75000,14700
2397,2013-09-09,8.65000,8.68000,8.54000,8.64000,7400
2398,2013-09-06,8.49000,8.92000,8.49000,8.65000,12200
2399,2013-09-05,8.36000,8.36000,8.36000,8.36000,1600
2400,2013-09-04,8.31000,8.36000,8.31000,8.36000,4500
2401,2013-09-03,8.50000,8.53000,8.27000,8.27000,4300
2402,2013-08-30,8.50000,8.51000,8.50000,8.51000,2000
2403,2013-08-29,8.58000,8.58000,8.58000,8.58000,100
2404,2013-08-28,8.37000,8.63000,8.37000,8.61000,2100
2405,2013-08-27,8.32000,8.36000,8.31000,8.33000,1000
2406,2013-08-26,8.27000,8.38000,8.27000,8.38000,700
2407,2013-08-23,8.35000,8.37000,8.32000,8.32000,9600
2408,2013-08-22,8.26000,8.60000,8.26000,8.47000,900
2409,2013-08-21,8.60000,8.63000,8.60000,8.61000,11100
2410,2013-08-20,8.57000,8.60000,8.57000,8.60000,1500
2411,2013-08-19,8.16000,8.61000,8.16000,8.50000,5700
2412,2013-08-16,8.58000,8.58000,8.58000,8.58000,0
2413,2013-08-15,8.60000,8.60000,8.40000,8.58000,9700
2414,2013-08-14,8.45000,8.61000,8.42000,8.61000,2800
2415,2013-08-13,8.10000,8.99000,8.10000,8.60000,71600
2416,2013-08-12,7.80000,7.80000,7.80000,7.80000,0
2417,2013-08-09,7.81000,7.81000,7.80000,7.80000,1100
2418,2013-08-08,8.21000,8.21000,7.97000,7.98000,1300
2419,2013-08-07,7.99000,7.99000,7.99000,7.99000,100
2420,2013-08-06,7.80000,7.80000,7.80000,7.80000,0
2421,2013-08-05,7.78000,7.80000,7.78000,7.80000,1100
2422,2013-08-02,7.81000,7.81000,7.81000,7.81000,0
2423,2013-08-01,7.81000,7.81000,7.81000,7.81000,0
2424,2013-07-31,7.81000,7.81000,7.81000,7.81000,0
2425,2013-07-30,7.94000,7.94000,7.81000,7.81000,1000
2426,2013-07-29,7.78000,7.89000,7.78000,7.89000,1300
2427,2013-07-26,7.80000,7.80000,7.80000,7.80000,0
2428,2013-07-25,7.80000,7.80000,7.80000,7.80000,0
2429,2013-07-24,7.77000,7.80000,7.77000,7.80000,700
2430,2013-07-23,7.76000,7.79000,7.75000,7.75000,6900
2431,2013-07-22,8.04000,8.04000,8.04000,8.04000,0
2432,2013-07-19,7.91000,8.04000,7.91000,8.04000,1400
2433,2013-07-18,8.01000,8.05000,7.99000,8.04000,1700
2434,2013-07-17,7.93000,8.00000,7.93000,8.00000,1600
2435,2013-07-16,7.46000,7.46000,7.46000,7.46000,0
2436,2013-07-15,7.41000,7.46000,7.41000,7.46000,1500
2437,2013-07-12,7.47000,7.49000,7.41000,7.41000,400
2438,2013-07-11,7.78000,7.78000,6.74000,7.56000,3500
2439,2013-07-10,7.22000,7.78000,7.22000,7.78000,4600
2440,2013-07-09,7.33000,7.41000,6.66000,7.41000,6800
2441,2013-07-08,7.47000,7.56000,7.47000,7.56000,1100
2442,2013-07-05,8.00000,8.00000,7.63000,7.63000,6100
2443,2013-07-03,8.00000,8.00000,7.99000,7.99000,500
2444,2013-07-02,7.87000,7.88000,7.87000,7.88000,600
2445,2013-07-01,7.85000,7.86000,7.85000,7.86000,200
2446,2013-06-28,7.80000,7.80000,7.80000,7.80000,100
2447,2013-06-27,7.65000,7.78000,7.63000,7.78000,2100
2448,2013-06-26,7.61000,7.61000,7.61000,7.61000,0
2449,2013-06-25,7.61000,7.61000,7.61000,7.61000,100
2450,2013-06-24,7.59000,7.91000,7.51000,7.51000,2100
2451,2013-06-21,7.45000,7.61000,7.04000,7.61000,3000
2452,2013-06-20,7.99000,7.99000,7.95000,7.95000,1200
2453,2013-06-19,7.99000,8.00000,7.99000,8.00000,5900
2454,2013-06-18,8.14000,8.16000,8.00000,8.00000,3400
2455,2013-06-17,8.18000,8.18000,8.16000,8.16000,900
2456,2013-06-14,8.05000,8.05000,8.05000,8.05000,0
2457,2013-06-13,8.05000,8.05000,8.05000,8.05000,0
2458,2013-06-12,8.05000,8.05000,8.05000,8.05000,0
2459,2013-06-11,8.05000,8.05000,8.05000,8.05000,200
2460,2013-06-10,7.95000,8.00000,7.80000,7.85000,500
2461,2013-06-07,7.80000,7.80000,7.80000,7.80000,200
2462,2013-06-06,8.00000,8.25000,7.77000,7.98000,5700
2463,2013-06-05,8.01000,8.01000,8.01000,8.01000,0
2464,2013-06-04,8.00000,8.01000,8.00000,8.01000,200
2465,2013-06-03,7.81000,8.00000,7.81000,7.97000,2400
2466,2013-05-31,7.68000,7.68000,7.68000,7.68000,0
2467,2013-05-30,7.57000,7.68000,7.57000,7.68000,1800
2468,2013-05-29,7.49000,7.60000,7.34000,7.35000,4500
2469,2013-05-28,7.25000,7.43000,7.25000,7.25000,3100
2470,2013-05-24,7.26000,7.30000,7.26000,7.30000,300
2471,2013-05-23,7.30000,7.34000,7.13000,7.34000,2500
2472,2013-05-22,7.53000,7.59000,7.53000,7.59000,200
2473,2013-05-21,7.50000,7.55000,7.40000,7.54000,1400
2474,2013-05-20,7.55000,7.55000,7.55000,7.55000,0
2475,2013-05-17,7.55000,7.55000,7.55000,7.55000,600
2476,2013-05-16,7.25000,7.50000,7.25000,7.26000,1200
2477,2013-05-15,7.25000,7.33000,7.10000,7.20000,7200
2478,2013-05-14,7.38000,7.38000,7.30000,7.34000,300
2479,2013-05-13,7.55000,7.55000,7.55000,7.55000,0
2480,2013-05-10,7.58000,7.62000,7.55000,7.55000,900
2481,2013-05-09,7.77000,7.77000,7.62000,7.62000,200
2482,2013-05-08,7.55000,7.84000,7.55000,7.84000,1900
2483,2013-05-07,7.37000,8.00000,7.37000,8.00000,1400
2484,2013-05-06,7.25000,7.39000,7.25000,7.39000,700
2485,2013-05-03,7.25000,7.25000,7.25000,7.25000,0
2486,2013-05-02,7.32000,7.32000,7.25000,7.25000,500
2487,2013-05-01,7.37000,7.37000,7.25000,7.31000,1500
2488,2013-04-30,7.32000,7.57000,7.23000,7.43000,6800
2489,2013-04-29,7.50000,7.53000,7.50000,7.53000,300
2490,2013-04-26,7.58000,7.58000,7.58000,7.58000,0
2491,2013-04-25,7.53000,8.19000,7.53000,7.58000,7800
2492,2013-04-24,7.82000,8.14000,7.52000,7.52000,4000
2493,2013-04-23,7.75000,7.75000,7.75000,7.75000,100
2494,2013-04-22,8.23000,8.23000,8.23000,8.23000,200
2495,2013-04-19,8.10000,8.10000,8.10000,8.10000,0
2496,2013-04-18,8.49000,8.49000,7.72000,8.10000,3000
2497,2013-04-17,7.53000,7.58000,7.53000,7.58000,700
2498,2013-04-16,7.51000,7.94000,7.51000,7.55000,3700
2499,2013-04-15,7.75000,7.90000,7.75000,7.90000,1100
2500,2013-04-12,7.51000,7.88000,7.51000,7.87000,1300
2501,2013-04-11,7.70000,7.76000,7.51000,7.51000,2500
2502,2013-04-10,7.89000,7.89000,7.60000,7.61000,10500
2503,2013-04-09,7.92000,8.41000,7.85000,8.15000,2000
2504,2013-04-08,7.68000,8.06000,7.68000,8.06000,1500
2505,2013-04-05,7.70000,7.70000,7.65000,7.65000,900
2506,2013-04-04,7.66000,7.70000,7.60000,7.68000,1800
2507,2013-04-03,8.12000,8.12000,8.12000,8.12000,0
2508,2013-04-02,7.60000,8.40000,7.60000,8.12000,10100
2509,2013-04-01,7.62000,7.89000,7.51000,7.60000,1300
2510,2013-03-28,7.86000,7.90000,7.65000,7.90000,5000
2511,2013-03-27,7.85000,7.85000,7.79000,7.83000,1200
2512,2013-03-26,7.73000,7.84000,7.73000,7.81000,1000
2513,2013-03-25,7.75000,7.88000,7.75000,7.88000,2200
2514,2013-03-22,7.71000,7.71000,7.71000,7.71000,0
2515,2013-03-21,7.42000,7.71000,7.29000,7.71000,1900
2516,2013-03-20,7.50000,7.50000,7.22000,7.22000,23700
2517,2013-03-19,7.36000,7.61000,7.36000,7.51000,1500
2518,2013-03-18,7.45000,7.85000,7.23000,7.54000,10500
2519,2013-03-15,7.71000,7.71000,7.46000,7.53000,1500
2520,2013-03-14,7.50000,7.50000,7.50000,7.50000,0
2521,2013-03-13,7.57000,7.57000,7.50000,7.50000,200
2522,2013-03-12,7.75000,7.88000,7.20000,7.75000,7200
2523,2013-03-11,7.75000,7.77000,7.75000,7.75000,1300
2524,2013-03-08,7.75000,7.76000,7.75000,7.75000,1400
2525,2013-03-07,7.89000,8.20000,7.76000,7.76000,6900
2526,2013-03-06,7.86000,7.92000,7.70000,7.77000,5100
2527,2013-03-05,8.13000,8.13000,7.85000,7.85000,7000
2528,2013-03-04,8.31000,8.31000,8.00000,8.00000,1300
2529,2013-03-01,8.33000,8.33000,8.25000,8.25000,3700
2530,2013-02-28,8.30000,8.30000,8.30000,8.30000,0
2531,2013-02-27,8.30000,8.30000,8.30000,8.30000,0
2532,2013-02-26,8.30000,8.30000,8.30000,8.30000,0
2533,2013-02-25,8.36000,8.47000,8.25000,8.30000,1900
2534,2013-02-22,9.00000,9.00000,8.50000,8.50000,700
2535,2013-02-21,9.01000,9.01000,9.00000,9.00000,1000
2536,2013-02-20,9.10000,9.10000,9.10000,9.10000,300
2537,2013-02-19,8.99000,9.20000,8.98000,9.01000,2400
2538,2013-02-15,9.03000,9.03000,8.91000,8.98000,2200
2539,2013-02-14,8.57000,8.58000,8.57000,8.57000,1600
2540,2013-02-13,9.39000,9.39000,8.45000,8.56000,8300
2541,2013-02-12,9.08000,9.38000,9.08000,9.08000,4500
2542,2013-02-11,9.22000,9.22000,9.07000,9.07000,1100
2543,2013-02-08,8.94000,8.94000,8.94000,8.94000,0
2544,2013-02-07,8.94000,8.94000,8.94000,8.94000,0
2545,2013-02-06,8.98000,8.99000,8.90000,8.94000,3300
2546,2013-02-05,8.80000,8.98000,8.65000,8.98000,5200
2547,2013-02-04,8.81000,8.94000,8.81000,8.90000,1200
2548,2013-02-01,8.61000,8.94000,8.61000,8.94000,800
2549,2013-01-31,8.83000,8.95000,8.25000,8.79000,7700
2550,2013-01-30,8.80000,8.81000,8.60000,8.81000,900
2551,2013-01-29,8.45000,8.82000,8.45000,8.76000,3400
2552,2013-01-28,8.45000,8.45000,8.45000,8.45000,600
2553,2013-01-25,8.42000,8.42000,8.42000,8.42000,200
2554,2013-01-24,8.98000,8.98000,8.11000,8.33000,7100
2555,2013-01-23,8.50000,8.61000,8.40000,8.41000,2500
2556,2013-01-22,8.45000,8.52000,8.15000,8.40000,3300
2557,2013-01-18,8.40000,8.92000,8.28000,8.50000,5500
2558,2013-01-17,8.48000,8.48000,8.48000,8.48000,0
2559,2013-01-16,8.46000,8.82000,8.38000,8.48000,5400
2560,2013-01-15,8.16000,8.93000,8.07000,8.60000,5700
2561,2013-01-14,7.96000,7.99000,7.96000,7.99000,1100
2562,2013-01-11,7.83000,7.99000,7.83000,7.99000,3200
2563,2013-01-10,7.83000,7.83000,7.80000,7.83000,5500
2564,2013-01-09,7.96000,7.96000,7.96000,7.96000,300
2565,2013-01-08,7.94000,7.98000,7.82000,7.98000,4200
2566,2013-01-07,7.90000,8.02000,7.90000,7.96000,5000
2567,2013-01-04,7.80000,7.99000,7.80000,7.99000,500
2568,2013-01-03,7.98000,7.98000,7.80000,7.81000,3800
2569,2013-01-02,7.53000,8.10000,7.53000,7.90000,500
2570,2012-12-31,7.25000,7.80000,7.25000,7.80000,1500
2571,2012-12-28,7.59000,7.59000,7.59000,7.59000,0
2572,2012-12-27,7.60000,7.60000,7.56000,7.59000,5300
2573,2012-12-26,7.36000,7.60000,7.36000,7.60000,8100
2574,2012-12-24,7.53000,7.53000,7.32000,7.32000,2400
2575,2012-12-21,7.75000,7.75000,7.50000,7.50000,2500
2576,2012-12-20,7.95000,7.95000,7.25000,7.78000,3200
2577,2012-12-19,7.90000,7.98000,7.90000,7.98000,1000
2578,2012-12-18,7.88000,7.90000,7.75000,7.90000,3500
2579,2012-12-17,7.75000,7.80000,7.75000,7.77000,1100
2580,2012-12-14,7.75000,7.75000,7.75000,7.75000,0
2581,2012-12-13,7.21000,7.81000,7.21000,7.75000,10800
2582,2012-12-12,7.23000,7.23000,7.21000,7.21000,300
2583,2012-12-11,7.35000,7.37000,7.28000,7.35000,2400
2584,2012-12-10,7.20000,7.35000,7.20000,7.35000,1600
2585,2012-12-07,7.50000,7.74000,7.50000,7.71000,2800
2586,2012-12-06,7.50000,7.50000,7.50000,7.50000,1000
2587,2012-12-05,7.73000,7.73000,7.57000,7.57000,500
2588,2012-12-04,7.27000,7.27000,7.27000,7.27000,300
2589,2012-12-03,7.27000,7.27000,7.20000,7.20000,2700
2590,2012-11-30,7.20000,7.76000,7.20000,7.20000,7400
2591,2012-11-29,6.75000,7.10000,6.75000,7.01000,1100
2592,2012-11-28,6.82000,7.20000,6.55000,7.10000,5700
2593,2012-11-27,6.95000,7.00000,6.75000,7.00000,6700
2594,2012-11-26,7.15000,7.15000,7.00000,7.00000,3400
2595,2012-11-23,7.16000,7.16000,7.16000,7.16000,0
2596,2012-11-21,6.70000,7.23000,6.70000,7.16000,4300
2597,2012-11-20,6.49000,7.23000,6.49000,6.90000,3300
2598,2012-11-19,6.49000,7.71000,6.49000,7.10000,6500
2599,2012-11-16,6.49000,6.52000,6.40000,6.52000,7000
2600,2012-11-15,7.04000,7.20000,6.25000,6.52000,17400
2601,2012-11-14,7.33000,7.38000,7.24000,7.25000,4900
2602,2012-11-13,8.15000,8.15000,7.08000,7.20000,16100
2603,2012-11-12,8.26000,8.26000,8.26000,8.26000,500
2604,2012-11-09,8.24000,8.24000,8.24000,8.24000,200
2605,2012-11-08,8.29000,8.29000,8.29000,8.29000,200
2606,2012-11-07,8.23000,8.23000,8.20000,8.20000,1600
2607,2012-11-06,8.31000,8.31000,8.15000,8.25000,1500
2608,2012-11-05,8.03000,8.28000,8.03000,8.28000,1700
2609,2012-11-02,8.00000,8.00000,8.00000,8.00000,0
2610,2012-11-01,8.00000,8.00000,7.97000,8.00000,3200
2611,2012-10-31,7.87000,7.87000,7.87000,7.87000,1200
2612,2012-10-26,8.02000,8.02000,8.02000,8.02000,0
2613,2012-10-25,8.26000,8.27000,8.02000,8.02000,3100
2614,2012-10-24,8.40000,8.40000,8.26000,8.26000,200
2615,2012-10-23,8.40000,8.41000,8.39000,8.39000,3600
2616,2012-10-22,8.30000,8.30000,8.30000,8.30000,200
2617,2012-10-19,8.35000,8.36000,8.35000,8.36000,300
2618,2012-10-18,8.25000,8.28000,8.25000,8.28000,1800
2619,2012-10-17,8.36000,8.36000,8.36000,8.36000,0
2620,2012-10-16,8.36000,8.36000,8.36000,8.36000,0
2621,2012-10-15,8.30000,8.42000,8.30000,8.36000,2500
2622,2012-10-12,8.22000,8.22000,8.22000,8.22000,0
2623,2012-10-11,8.22000,8.22000,8.22000,8.22000,0
2624,2012-10-10,8.23000,8.23000,8.20000,8.22000,1800
2625,2012-10-09,8.25000,8.25000,8.25000,8.25000,200
2626,2012-10-08,8.30000,8.30000,8.29000,8.29000,1200
2627,2012-10-05,8.31000,8.31000,8.30000,8.30000,1700
2628,2012-10-04,8.33000,8.33000,8.30000,8.30000,1600
2629,2012-10-03,8.40000,8.40000,8.35000,8.35000,1300
2630,2012-10-02,8.57000,8.57000,8.57000,8.57000,1200
2631,2012-10-01,8.57000,8.60000,8.55000,8.55000,900
2632,2012-09-28,8.63000,8.63000,8.63000,8.63000,0
2633,2012-09-27,8.79000,8.88000,8.63000,8.63000,1900
2634,2012-09-26,8.45000,8.45000,8.45000,8.45000,200
2635,2012-09-25,8.98000,8.98000,8.98000,8.98000,100
2636,2012-09-24,8.54000,8.97000,8.54000,8.97000,600
2637,2012-09-21,8.90000,8.90000,8.90000,8.90000,200
2638,2012-09-20,8.89000,9.29000,8.46000,8.46000,2500
2639,2012-09-19,8.74000,8.74000,8.74000,8.74000,0
2640,2012-09-18,8.74000,8.74000,8.74000,8.74000,0
2641,2012-09-17,8.76000,9.00000,8.69000,8.74000,3400
2642,2012-09-14,8.56000,8.80000,8.50000,8.80000,4300
2643,2012-09-13,8.52000,8.79000,8.50000,8.50000,2000
2644,2012-09-12,8.80000,8.80000,8.80000,8.80000,100
2645,2012-09-11,8.80000,8.80000,8.70000,8.80000,1300
2646,2012-09-10,8.65000,8.65000,8.65000,8.65000,0
2647,2012-09-07,8.55000,8.65000,8.55000,8.65000,1300
2648,2012-09-06,8.65000,8.65000,8.58000,8.65000,1000
2649,2012-09-05,8.83000,8.83000,8.74000,8.74000,2300
2650,2012-09-04,8.77000,8.80000,8.77000,8.80000,500
2651,2012-08-31,8.90000,8.90000,8.90000,8.90000,0
2652,2012-08-30,8.90000,8.90000,8.90000,8.90000,0
2653,2012-08-29,8.99000,9.00000,8.88000,8.90000,2600
2654,2012-08-28,8.75000,8.80000,8.75000,8.75000,1400
2655,2012-08-27,8.55000,8.55000,8.55000,8.55000,0
2656,2012-08-24,8.59000,9.00000,8.55000,8.55000,4900
2657,2012-08-23,8.52000,8.52000,8.52000,8.52000,300
2658,2012-08-22,8.68000,8.70000,8.60000,8.60000,1200
2659,2012-08-21,8.60000,8.60000,8.60000,8.60000,300
2660,2012-08-20,8.45000,8.70000,8.45000,8.70000,1300
2661,2012-08-17,8.50000,8.50000,8.45000,8.45000,3500
2662,2012-08-16,8.40000,8.40000,8.40000,8.40000,400
2663,2012-08-15,9.00000,9.00000,8.37000,8.37000,1300
2664,2012-08-14,8.74000,8.74000,8.74000,8.74000,200
2665,2012-08-13,8.19000,8.25000,8.19000,8.25000,900
2666,2012-08-10,8.10000,8.16000,8.06000,8.16000,1800
2667,2012-08-09,8.00000,8.05000,7.99000,8.05000,1400
2668,2012-08-08,7.80000,7.99000,7.80000,7.95000,700
2669,2012-08-07,7.95000,7.96000,7.80000,7.96000,800
2670,2012-08-06,7.91000,7.91000,7.91000,7.91000,0
2671,2012-08-03,7.91000,7.91000,7.91000,7.91000,0
2672,2012-08-02,7.91000,7.91000,7.91000,7.91000,100
2673,2012-08-01,7.86000,7.86000,7.86000,7.86000,0
2674,2012-07-31,7.88000,7.88000,7.86000,7.86000,300
2675,2012-07-30,7.75000,8.34000,7.75000,7.90000,1600
2676,2012-07-27,8.12000,8.12000,7.62000,7.65000,8500
2677,2012-07-26,7.60000,8.12000,7.60000,8.12000,600
2678,2012-07-25,8.31000,8.90000,8.10000,8.23000,10200
2679,2012-07-24,8.17000,8.21000,8.17000,8.21000,700
2680,2012-07-23,8.00000,8.00000,8.00000,8.00000,200
2681,2012-07-20,8.65000,8.65000,8.65000,8.65000,0
2682,2012-07-19,8.65000,8.65000,8.65000,8.65000,0
2683,2012-07-18,8.86000,8.86000,8.00000,8.65000,2100
2684,2012-07-17,8.70000,8.70000,8.70000,8.70000,100
2685,2012-07-16,8.40000,8.40000,8.40000,8.40000,0
2686,2012-07-13,8.40000,8.40000,8.40000,8.40000,0
2687,2012-07-12,8.40000,8.40000,8.40000,8.40000,200
2688,2012-07-11,8.84000,8.84000,8.84000,8.84000,0
2689,2012-07-10,8.65000,8.84000,8.65000,8.84000,300
2690,2012-07-09,8.60000,8.60000,8.57000,8.60000,800
2691,2012-07-06,8.03000,8.25000,8.03000,8.25000,400
2692,2012-07-05,7.86000,8.12000,7.86000,8.12000,1500
2693,2012-07-03,8.15000,8.18000,8.14000,8.14000,2000
2694,2012-07-02,8.55000,8.55000,8.55000,8.55000,0
2695,2012-06-29,8.25000,8.55000,8.25000,8.55000,1100
2696,2012-06-28,8.25000,8.25000,8.25000,8.25000,0
2697,2012-06-27,8.25000,8.25000,8.25000,8.25000,800
2698,2012-06-26,8.48000,8.50000,8.30000,8.30000,2800
2699,2012-06-25,8.10000,8.10000,8.10000,8.10000,500
2700,2012-06-22,7.74000,7.98000,7.74000,7.98000,200
2701,2012-06-21,7.99000,7.99000,7.99000,7.99000,0
2702,2012-06-20,7.81000,7.99000,7.81000,7.99000,700
2703,2012-06-19,7.75000,7.90000,7.75000,7.76000,1100
2704,2012-06-18,7.66000,7.72000,7.61000,7.61000,2200
2705,2012-06-15,7.96000,8.37000,7.90000,7.90000,1300
2706,2012-06-14,8.03000,8.03000,8.03000,8.03000,0
2707,2012-06-13,8.00000,8.03000,8.00000,8.03000,200
2708,2012-06-12,7.98000,8.01000,7.72000,7.98000,1900
2709,2012-06-11,7.98000,7.98000,7.98000,7.98000,0
2710,2012-06-08,7.95000,7.99000,7.95000,7.98000,700
2711,2012-06-07,7.58000,8.25000,7.58000,7.85000,3500
2712,2012-06-06,7.52000,7.52000,7.52000,7.52000,100
2713,2012-06-05,7.65000,8.20000,7.52000,7.52000,13800
2714,2012-06-04,7.65000,7.75000,7.50000,7.50000,2100
2715,2012-06-01,8.00000,8.00000,7.65000,7.65000,2000
2716,2012-05-31,8.00000,8.00000,8.00000,8.00000,100
2717,2012-05-30,7.90000,8.37000,7.85000,8.37000,1100
2718,2012-05-29,7.95000,7.95000,7.95000,7.95000,100
2719,2012-05-25,7.96000,7.96000,7.90000,7.90000,400
2720,2012-05-24,8.01000,8.18000,8.00000,8.00000,2000
2721,2012-05-23,8.00000,8.09000,7.75000,8.09000,4300
2722,2012-05-22,8.00000,8.00000,8.00000,8.00000,0
2723,2012-05-21,7.43000,8.15000,7.43000,8.00000,5500
2724,2012-05-18,7.70000,7.70000,7.40000,7.50000,5600
2725,2012-05-17,7.75000,7.75000,7.51000,7.70000,2600
2726,2012-05-16,7.82000,8.00000,7.82000,7.82000,5400
2727,2012-05-15,9.45000,9.45000,7.34000,7.86000,49800
2728,2012-05-14,9.72000,9.72000,9.70000,9.70000,1100
2729,2012-05-11,9.75000,9.75000,9.70000,9.70000,800
2730,2012-05-10,10.18000,10.18000,9.96000,10.00000,5400
2731,2012-05-09,10.30000,10.70000,10.15000,10.15000,1700
2732,2012-05-08,9.96000,10.29000,9.96000,10.29000,600
2733,2012-05-07,9.89000,9.89000,9.89000,9.89000,0
2734,2012-05-04,9.69000,10.36000,9.69000,9.89000,3300
2735,2012-05-03,9.57000,9.71000,9.50000,9.71000,600
2736,2012-05-02,9.47000,9.52000,9.47000,9.50000,700
2737,2012-05-01,9.72000,9.72000,9.50000,9.50000,600
2738,2012-04-30,9.50000,9.85000,9.45000,9.85000,2800
2739,2012-04-27,9.46000,9.61000,9.46000,9.61000,800
2740,2012-04-26,9.20000,9.55000,9.20000,9.55000,2000
2741,2012-04-25,9.89000,9.89000,9.50000,9.55000,8100
2742,2012-04-24,9.96000,9.96000,9.52000,9.84000,5900
2743,2012-04-23,9.53000,10.01000,9.52000,10.01000,3100
2744,2012-04-20,9.85000,9.90000,9.63000,9.63000,4200
2745,2012-04-19,9.90000,9.90000,9.90000,9.90000,0
2746,2012-04-18,9.55000,9.90000,9.54000,9.90000,1400
2747,2012-04-17,9.57000,9.57000,9.53000,9.53000,600
2748,2012-04-16,9.58000,9.61000,9.57000,9.57000,500
2749,2012-04-13,9.70000,9.72000,9.67000,9.67000,1600
2750,2012-04-12,9.67000,9.67000,9.67000,9.67000,200
2751,2012-04-11,9.63000,9.68000,9.55000,9.55000,2200
2752,2012-04-10,9.75000,9.77000,9.60000,9.69000,6500
2753,2012-04-09,9.75000,9.80000,9.75000,9.80000,1200
2754,2012-04-05,9.83000,9.83000,9.75000,9.75000,600
2755,2012-04-04,9.84000,10.14000,9.79000,9.79000,15700
2756,2012-04-03,9.60000,10.00000,9.46000,9.82000,6100
2757,2012-04-02,10.00000,10.00000,9.50000,9.69000,2100
2758,2012-03-30,10.54000,10.99000,9.40000,10.00000,31900
2759,2012-03-29,10.02000,10.99000,9.60000,10.53000,7300
2760,2012-03-28,10.27000,10.27000,10.00000,10.00000,2200
2761,2012-03-27,9.91000,9.91000,9.90000,9.90000,1700
2762,2012-03-26,10.00000,10.10000,9.75000,10.00000,9100
2763,2012-03-23,9.92000,10.05000,9.88000,10.03000,6600
2764,2012-03-22,10.25000,10.40000,9.66000,9.75000,18300
2765,2012-03-21,10.28000,10.46000,10.25000,10.25000,12600
2766,2012-03-20,10.04000,10.42000,10.00000,10.21000,27300
2767,2012-03-19,10.00000,10.20000,10.00000,10.03000,7800
2768,2012-03-16,10.16000,10.16000,10.00000,10.00000,9200
2769,2012-03-15,10.15000,10.15000,10.10000,10.15000,4800
2770,2012-03-14,9.99000,10.30000,9.99000,10.18000,2600
2771,2012-03-13,10.40000,10.40000,10.25000,10.30000,1500
2772,2012-03-12,10.65000,10.65000,10.32000,10.39000,6000
2773,2012-03-09,10.80000,10.85000,10.80000,10.85000,2300
2774,2012-03-08,10.96000,10.96000,10.92000,10.92000,700
2775,2012-03-07,10.86000,10.97000,10.86000,10.97000,1000
2776,2012-03-06,10.95000,11.01000,10.53000,10.97000,1500
2777,2012-03-05,10.97000,11.29000,10.91000,11.00000,4000
2778,2012-03-02,11.11000,11.23000,10.79000,10.80000,8900
2779,2012-03-01,10.69000,11.35000,10.68000,10.98000,23900
2780,2012-02-29,10.00000,10.93000,9.97000,10.64000,33300
2781,2012-02-28,9.92000,9.92000,9.91000,9.92000,7500
2782,2012-02-27,9.91000,10.00000,9.91000,10.00000,1400
2783,2012-02-24,9.90000,9.99000,9.90000,9.90000,1100
2784,2012-02-23,9.95000,9.98000,9.77000,9.85000,8700
2785,2012-02-22,9.83000,9.97000,9.78000,9.85000,5800
2786,2012-02-21,9.99000,10.00000,9.81000,9.81000,11000
2787,2012-02-17,9.99000,10.00000,9.98000,9.99000,14100
2788,2012-02-16,9.88000,9.98000,9.68000,9.83000,1200
2789,2012-02-15,9.87000,10.00000,9.87000,9.93000,6000
2790,2012-02-14,9.84000,10.00000,9.84000,9.99000,2900
2791,2012-02-13,9.71000,10.00000,9.69000,9.81000,5700
2792,2012-02-10,9.69000,9.70000,9.36000,9.52000,800
2793,2012-02-09,9.63000,9.80000,9.50000,9.71000,9100
2794,2012-02-08,9.45000,9.65000,9.45000,9.57000,5500
2795,2012-02-07,9.25000,9.50000,9.15000,9.45000,22900
2796,2012-02-06,9.26000,9.29000,8.88000,9.29000,8300
2797,2012-02-03,9.19000,9.28000,9.05000,9.16000,8900
2798,2012-02-02,9.00000,9.32000,8.99000,9.17000,6600
2799,2012-02-01,9.02000,9.02000,8.96000,9.00000,2100
2800,2012-01-31,8.93000,9.00000,8.93000,9.00000,1900
2801,2012-01-30,9.00000,9.00000,8.98000,8.99000,10100
2802,2012-01-27,9.00000,9.00000,8.99000,9.00000,4300
2803,2012-01-26,9.00000,9.00000,9.00000,9.00000,1100
2804,2012-01-25,9.00000,9.04000,8.99000,9.00000,2100
2805,2012-01-24,9.05000,9.05000,9.00000,9.00000,2900
2806,2012-01-23,8.72000,9.06000,8.72000,9.06000,10000
2807,2012-01-20,9.10000,9.10000,9.10000,9.10000,0
2808,2012-01-19,9.05000,9.11000,8.97000,9.10000,22600
2809,2012-01-18,9.14000,9.14000,9.14000,9.14000,400
2810,2012-01-17,9.15000,9.22000,9.00000,9.01000,9900
2811,2012-01-13,9.00000,9.18000,8.98000,9.18000,5000
2812,2012-01-12,9.00000,9.10000,9.00000,9.00000,4000
2813,2012-01-11,9.00000,9.20000,8.98000,9.20000,2400
2814,2012-01-10,9.00000,9.18000,8.96000,8.96000,8600
2815,2012-01-09,8.95000,9.01000,8.95000,9.00000,6300
2816,2012-01-06,9.00000,9.05000,8.99000,9.00000,7300
2817,2012-01-05,9.00000,9.01000,9.00000,9.00000,2400
2818,2012-01-04,9.00000,9.01000,8.99000,9.00000,8900
2819,2012-01-03,9.00000,9.20000,8.95000,9.13000,6200
2820,2011-12-30,9.00000,9.00000,9.00000,9.00000,0
2821,2011-12-29,8.90000,9.00000,8.90000,9.00000,2700
2822,2011-12-28,8.76000,8.76000,8.76000,8.76000,100
2823,2011-12-27,9.00000,9.00000,8.75000,9.00000,3600
2824,2011-12-23,8.99000,8.99000,8.99000,8.99000,0
2825,2011-12-22,8.99000,8.99000,8.99000,8.99000,600
2826,2011-12-21,9.00000,9.00000,8.99000,8.99000,2700
2827,2011-12-20,9.00000,9.00000,9.00000,9.00000,1000
2828,2011-12-19,9.00000,9.00000,8.90000,8.90000,9700
2829,2011-12-16,9.13000,9.13000,8.90000,9.00000,7300
2830,2011-12-15,9.23000,9.24000,9.17000,9.17000,400
2831,2011-12-14,9.22000,9.23000,8.77000,9.23000,1300
2832,2011-12-13,9.00000,9.00000,9.00000,9.00000,0
2833,2011-12-12,9.00000,9.00000,9.00000,9.00000,0
2834,2011-12-09,8.64000,9.00000,8.64000,9.00000,3900
2835,2011-12-08,9.00000,9.00000,9.00000,9.00000,0
2836,2011-12-07,9.01000,9.01000,8.90000,9.00000,9500
2837,2011-12-06,9.00000,9.00000,8.99000,8.99000,1200
2838,2011-12-05,8.96000,9.10000,8.96000,9.00000,8500
2839,2011-12-02,9.13000,9.13000,8.96000,8.96000,4900
2840,2011-12-01,8.96000,9.44000,8.96000,9.01000,10200
2841,2011-11-30,8.96000,8.96000,8.96000,8.96000,200
2842,2011-11-29,8.98000,9.00000,8.98000,9.00000,500
2843,2011-11-28,9.00000,9.00000,8.98000,9.00000,1900
2844,2011-11-25,8.81000,8.81000,8.81000,8.81000,0
2845,2011-11-23,8.81000,8.81000,8.81000,8.81000,0
2846,2011-11-22,8.70000,8.89000,8.70000,8.81000,1700
2847,2011-11-21,8.80000,8.85000,8.70000,8.85000,1600
2848,2011-11-18,9.28000,9.75000,8.36000,8.91000,21700
2849,2011-11-17,8.98000,9.19000,8.98000,9.19000,3000
2850,2011-11-16,8.80000,9.29000,8.80000,9.00000,9900
2851,2011-11-15,9.00000,9.00000,8.96000,8.96000,1900
2852,2011-11-14,8.70000,9.07000,8.60000,8.85000,3100
2853,2011-11-11,8.95000,9.18000,8.95000,9.00000,9400
2854,2011-11-10,9.07000,9.15000,8.95000,8.95000,11500
2855,2011-11-09,9.00000,9.65000,9.00000,9.37000,24100
2856,2011-11-08,8.69000,8.89000,8.69000,8.80000,500
2857,2011-11-07,8.50000,8.76000,8.50000,8.50000,900
2858,2011-11-04,8.86000,8.86000,8.86000,8.86000,0
2859,2011-11-03,8.89000,8.89000,8.86000,8.86000,400
2860,2011-11-02,8.77000,8.85000,8.77000,8.85000,400
2861,2011-11-01,8.26000,8.26000,8.26000,8.26000,400
2862,2011-10-31,8.70000,8.70000,8.70000,8.70000,0
2863,2011-10-28,8.47000,8.90000,8.47000,8.70000,2900
2864,2011-10-27,8.95000,9.00000,8.95000,8.99000,2100
2865,2011-10-26,8.70000,8.70000,8.70000,8.70000,0
2866,2011-10-25,8.70000,8.70000,8.70000,8.70000,0
2867,2011-10-24,8.70000,8.70000,8.70000,8.70000,0
2868,2011-10-21,8.70000,8.70000,8.70000,8.70000,100
2869,2011-10-20,9.00000,9.00000,9.00000,9.00000,0
2870,2011-10-19,9.00000,9.00000,9.00000,9.00000,0
2871,2011-10-18,9.00000,9.00000,9.00000,9.00000,300
2872,2011-10-17,8.37000,8.88000,8.15000,8.60000,1800
2873,2011-10-14,8.92000,8.92000,8.92000,8.92000,300
2874,2011-10-13,8.45000,8.64000,8.45000,8.63000,1400
2875,2011-10-12,9.00000,9.00000,9.00000,9.00000,0
2876,2011-10-11,9.00000,9.00000,9.00000,9.00000,0
2877,2011-10-10,9.00000,9.00000,9.00000,9.00000,200
2878,2011-10-07,8.96000,8.96000,8.96000,8.96000,0
2879,2011-10-06,8.32000,8.96000,8.32000,8.96000,600
2880,2011-10-05,8.73000,8.80000,8.73000,8.80000,1800
2881,2011-10-04,8.75000,8.75000,8.75000,8.75000,0
2882,2011-10-03,8.92000,8.94000,8.75000,8.75000,1600
2883,2011-09-30,8.65000,8.65000,8.65000,8.65000,0
2884,2011-09-29,8.65000,8.65000,8.65000,8.65000,0
2885,2011-09-28,8.65000,8.65000,8.65000,8.65000,0
2886,2011-09-27,8.85000,8.85000,8.65000,8.65000,1800
2887,2011-09-26,8.40000,8.40000,8.30000,8.30000,700
2888,2011-09-23,8.50000,8.50000,8.50000,8.50000,0
2889,2011-09-22,8.50000,8.55000,8.50000,8.50000,900
2890,2011-09-21,8.97000,8.97000,8.97000,8.97000,0
2891,2011-09-20,8.76000,9.13000,8.58000,8.97000,1900
2892,2011-09-19,9.04000,9.04000,9.04000,9.04000,200
2893,2011-09-16,9.11000,9.14000,9.11000,9.14000,400
2894,2011-09-15,8.55000,8.55000,8.55000,8.55000,0
2895,2011-09-14,8.55000,8.55000,8.55000,8.55000,0
2896,2011-09-13,8.55000,8.55000,8.55000,8.55000,0
2897,2011-09-12,8.55000,8.55000,8.55000,8.55000,0
2898,2011-09-09,9.01000,9.01000,8.55000,8.55000,900
2899,2011-09-08,8.97000,9.32000,8.97000,9.00000,8600
2900,2011-09-07,8.72000,8.72000,8.72000,8.72000,0
2901,2011-09-06,8.76000,8.76000,8.71000,8.72000,600
2902,2011-09-02,8.97000,8.97000,8.97000,8.97000,300
2903,2011-09-01,8.75000,8.75000,8.75000,8.75000,0
2904,2011-08-31,8.75000,8.75000,8.75000,8.75000,0
2905,2011-08-30,8.93000,9.00000,8.75000,8.75000,3700
2906,2011-08-29,8.75000,8.75000,8.75000,8.75000,0
2907,2011-08-26,8.75000,8.75000,8.75000,8.75000,0
2908,2011-08-25,8.75000,8.75000,8.75000,8.75000,0
2909,2011-08-24,8.75000,8.75000,8.75000,8.75000,0
2910,2011-08-23,8.70000,8.75000,8.60000,8.75000,400
2911,2011-08-22,8.94000,8.94000,8.75000,8.75000,1100
2912,2011-08-19,8.54000,8.58000,8.54000,8.55000,400
2913,2011-08-18,8.26000,8.64000,8.26000,8.57000,1600
2914,2011-08-17,8.66000,9.10000,8.65000,8.85000,5800
2915,2011-08-16,8.44000,8.45000,8.44000,8.45000,500
2916,2011-08-15,8.45000,8.45000,8.45000,8.45000,0
2917,2011-08-12,8.45000,8.45000,8.45000,8.45000,0
2918,2011-08-11,8.00000,8.45000,8.00000,8.45000,700
2919,2011-08-10,8.61000,8.61000,7.79000,8.18000,5700
2920,2011-08-09,8.40000,8.59000,8.25000,8.59000,1100
2921,2011-08-08,8.68000,8.68000,8.42000,8.59000,1300
2922,2011-08-05,8.47000,8.69000,8.47000,8.69000,800
2923,2011-08-04,9.00000,9.00000,8.75000,8.92000,3800
2924,2011-08-03,8.98000,9.00000,8.86000,8.93000,2600
2925,2011-08-02,8.97000,9.02000,8.92000,8.92000,3400
2926,2011-08-01,8.78000,8.97000,8.78000,8.97000,1200
2927,2011-07-29,8.76000,8.84000,8.75000,8.84000,500
2928,2011-07-28,9.00000,9.00000,9.00000,9.00000,800
2929,2011-07-27,8.97000,9.00000,8.97000,9.00000,3700
2930,2011-07-26,9.00000,9.00000,8.95000,8.95000,4100
2931,2011-07-25,9.00000,9.00000,8.81000,9.00000,2100
2932,2011-07-22,9.05000,9.50000,8.99000,9.24000,4500
2933,2011-07-21,8.75000,8.97000,8.75000,8.95000,1100
2934,2011-07-20,8.95000,8.95000,8.89000,8.89000,5500
2935,2011-07-19,8.94000,8.95000,8.89000,8.89000,3400
2936,2011-07-18,8.61000,8.95000,8.61000,8.95000,5800
2937,2011-07-15,8.85000,8.85000,8.79000,8.79000,300
2938,2011-07-14,8.95000,8.96000,8.81000,8.85000,5000
2939,2011-07-13,8.95000,8.95000,8.89000,8.89000,1100
2940,2011-07-12,8.95000,9.00000,8.93000,9.00000,3600
2941,2011-07-11,9.05000,9.05000,9.05000,9.05000,0
2942,2011-07-08,8.97000,9.05000,8.97000,9.05000,2400
2943,2011-07-07,8.90000,9.09000,8.90000,9.09000,600
2944,2011-07-06,8.97000,8.97000,8.97000,8.97000,0
2945,2011-07-05,8.92000,9.00000,8.73000,8.97000,800
2946,2011-07-01,8.94000,8.94000,8.94000,8.94000,0
2947,2011-06-30,8.94000,8.94000,8.94000,8.94000,0
2948,2011-06-29,8.95000,8.95000,8.94000,8.94000,3100
2949,2011-06-28,8.94000,8.94000,8.94000,8.94000,0
2950,2011-06-27,8.94000,8.94000,8.94000,8.94000,0
2951,2011-06-24,8.97000,9.43000,8.94000,8.94000,5500
2952,2011-06-23,8.98000,9.05000,8.98000,9.05000,1400
2953,2011-06-22,9.00000,9.00000,9.00000,9.00000,0
2954,2011-06-21,9.00000,9.00000,9.00000,9.00000,0
2955,2011-06-20,9.00000,9.01000,8.99000,9.00000,12600
2956,2011-06-17,9.00000,9.00000,9.00000,9.00000,1000
2957,2011-06-16,9.00000,9.00000,9.00000,9.00000,2800
2958,2011-06-15,9.01000,9.10000,9.01000,9.10000,300
2959,2011-06-14,9.01000,9.01000,9.01000,9.01000,0
2960,2011-06-13,9.02000,9.02000,9.00000,9.01000,1100
2961,2011-06-10,9.00000,9.05000,9.00000,9.00000,1000
2962,2011-06-09,8.59000,8.59000,8.59000,8.59000,0
2963,2011-06-08,8.59000,8.59000,8.59000,8.59000,300
2964,2011-06-07,8.70000,8.70000,8.70000,8.70000,0
2965,2011-06-06,8.70000,8.70000,8.70000,8.70000,0
2966,2011-06-03,8.70000,8.70000,8.70000,8.70000,0
2967,2011-06-02,8.70000,8.70000,8.70000,8.70000,0
2968,2011-06-01,8.99000,8.99000,8.56000,8.70000,7700
2969,2011-05-31,8.96000,9.05000,8.96000,9.05000,1200
2970,2011-05-27,9.23000,9.23000,9.23000,9.23000,0
2971,2011-05-26,9.10000,9.23000,9.10000,9.23000,300
2972,2011-05-25,9.50000,9.50000,9.21000,9.21000,2600
2973,2011-05-24,9.48000,9.50000,9.48000,9.50000,200
2974,2011-05-23,9.50000,9.50000,9.50000,9.50000,100
2975,2011-05-20,9.50000,9.50000,9.50000,9.50000,400
2976,2011-05-19,9.50000,9.50000,9.50000,9.50000,1500
2977,2011-05-18,9.50000,9.50000,9.50000,9.50000,0
2978,2011-05-17,9.50000,9.60000,9.50000,9.50000,1700
2979,2011-05-16,9.50000,9.51000,9.50000,9.51000,5300
2980,2011-05-13,9.50000,9.50000,9.49000,9.50000,7700
2981,2011-05-12,9.33000,9.52000,9.33000,9.50000,10700
2982,2011-05-11,9.35000,9.60000,9.35000,9.50000,9100
2983,2011-05-10,9.33000,9.34000,9.33000,9.34000,300
2984,2011-05-09,9.33000,9.33000,9.33000,9.33000,0
2985,2011-05-06,9.06000,9.33000,8.88000,9.33000,1400
2986,2011-05-05,9.25000,9.25000,9.25000,9.25000,1800
2987,2011-05-04,9.20000,9.20000,9.15000,9.15000,400
2988,2011-05-03,9.10000,9.16000,9.10000,9.16000,2000
2989,2011-05-02,9.10000,9.10000,9.10000,9.10000,100
2990,2011-04-29,9.16000,9.16000,9.16000,9.16000,0
2991,2011-04-28,9.19000,9.20000,9.15000,9.16000,600
2992,2011-04-27,9.10000,9.10000,9.10000,9.10000,1000
2993,2011-04-26,9.06000,9.11000,9.06000,9.06000,500
2994,2011-04-25,9.22000,9.22000,8.75000,9.15000,2000
2995,2011-04-21,8.88000,8.88000,8.80000,8.80000,400
2996,2011-04-20,8.85000,9.04000,8.85000,8.85000,1200
2997,2011-04-19,8.82000,8.85000,8.56000,8.81000,4100
2998,2011-04-18,8.63000,8.63000,8.63000,8.63000,0
2999,2011-04-15,8.77000,8.77000,8.61000,8.63000,3100
3000,2011-04-14,8.78000,8.78000,8.78000,8.78000,0
3001,2011-04-13,8.87000,8.87000,8.78000,8.78000,2200
3002,2011-04-12,8.76000,8.76000,8.61000,8.61000,500
3003,2011-04-11,8.63000,8.81000,8.60000,8.60000,600
3004,2011-04-08,8.60000,8.60000,8.60000,8.60000,200
3005,2011-04-07,8.63000,8.67000,8.63000,8.67000,500
3006,2011-04-06,8.70000,8.70000,8.70000,8.70000,500
3007,2011-04-05,8.54000,8.76000,8.53000,8.76000,2100
3008,2011-04-04,9.03000,9.03000,8.62000,8.73000,1200
3009,2011-04-01,9.22000,9.22000,9.08000,9.08000,300
3010,2011-03-31,8.64000,8.78000,8.64000,8.75000,1400
3011,2011-03-30,8.46000,8.64000,8.46000,8.64000,1000
3012,2011-03-29,8.52000,8.59000,8.05000,8.59000,3500
3013,2011-03-28,8.65000,8.65000,8.65000,8.65000,200
3014,2011-03-25,8.42000,8.77000,8.42000,8.70000,600
3015,2011-03-24,8.64000,8.65000,8.46000,8.63000,1000
3016,2011-03-23,8.82000,8.85000,8.81000,8.85000,400
3017,2011-03-22,8.58000,8.58000,8.58000,8.58000,0
3018,2011-03-21,8.58000,8.58000,8.58000,8.58000,0
3019,2011-03-18,8.55000,8.58000,8.52000,8.58000,1400
3020,2011-03-17,8.50000,8.78000,8.50000,8.56000,9900
3021,2011-03-16,8.31000,8.50000,8.31000,8.50000,1300
3022,2011-03-15,8.35000,8.56000,8.35000,8.56000,200
3023,2011-03-14,8.26000,8.35000,8.20000,8.35000,1000
3024,2011-03-11,8.51000,8.52000,8.45000,8.45000,2500
3025,2011-03-10,8.52000,8.52000,8.52000,8.52000,0
3026,2011-03-09,8.60000,8.69000,8.52000,8.52000,4900
3027,2011-03-08,9.25000,9.28000,8.85000,8.85000,2200
3028,2011-03-07,9.55000,9.55000,9.55000,9.55000,0
3029,2011-03-04,9.55000,9.55000,9.55000,9.55000,0
3030,2011-03-03,9.11000,9.70000,9.11000,9.55000,2100
3031,2011-03-02,9.88000,10.00000,9.12000,9.12000,1800
3032,2011-03-01,9.80000,9.80000,9.50000,9.79000,900
3033,2011-02-28,9.60000,9.60000,9.22000,9.22000,2200
3034,2011-02-25,9.61000,9.61000,9.60000,9.60000,600
3035,2011-02-24,9.60000,9.75000,9.60000,9.75000,1400
3036,2011-02-23,9.50000,9.60000,9.50000,9.60000,4800
3037,2011-02-22,9.42000,9.42000,9.42000,9.42000,0
3038,2011-02-18,9.60000,9.61000,9.42000,9.42000,600
3039,2011-02-17,9.50000,9.50000,9.50000,9.50000,0
3040,2011-02-16,9.65000,9.65000,9.50000,9.50000,600
3041,2011-02-15,9.64000,9.81000,9.62000,9.62000,600
3042,2011-02-14,9.65000,9.68000,9.65000,9.68000,700
3043,2011-02-11,9.30000,9.30000,9.30000,9.30000,0
3044,2011-02-10,9.45000,9.45000,9.30000,9.30000,1000
3045,2011-02-09,9.63000,9.66000,9.63000,9.66000,300
3046,2011-02-08,9.14000,9.35000,9.14000,9.35000,1200
3047,2011-02-07,8.95000,9.61000,8.95000,9.22000,2800
3048,2011-02-04,8.75000,8.75000,8.75000,8.75000,0
3049,2011-02-03,8.80000,8.80000,8.75000,8.75000,1000
3050,2011-02-02,8.65000,8.65000,8.65000,8.65000,0
3051,2011-02-01,8.61000,8.65000,8.60000,8.65000,4300
3052,2011-01-31,8.65000,8.65000,8.65000,8.65000,0
3053,2011-01-28,8.60000,8.65000,8.60000,8.65000,700
3054,2011-01-27,8.40000,8.65000,8.40000,8.65000,1700
3055,2011-01-26,8.33000,8.50000,8.33000,8.34000,600
3056,2011-01-25,8.50000,8.50000,8.50000,8.50000,300
3057,2011-01-24,8.49000,8.50000,8.49000,8.50000,600
3058,2011-01-21,8.50000,8.50000,8.27000,8.30000,1200
3059,2011-01-20,8.55000,8.57000,8.55000,8.55000,1000
3060,2011-01-19,8.65000,8.65000,8.65000,8.65000,100
3061,2011-01-18,8.50000,8.51000,8.50000,8.51000,600
3062,2011-01-14,8.49000,8.50000,8.49000,8.50000,1000
3063,2011-01-13,8.49000,8.49000,8.49000,8.49000,0
3064,2011-01-12,8.55000,8.55000,8.37000,8.49000,1500
3065,2011-01-11,8.07000,8.40000,8.07000,8.40000,400
3066,2011-01-10,8.50000,8.50000,8.50000,8.50000,500
3067,2011-01-07,8.60000,8.85000,7.96000,8.33000,8000
3068,2011-01-06,8.93000,8.93000,8.60000,8.60000,700
3069,2011-01-05,8.53000,8.53000,8.50000,8.50000,300
3070,2011-01-04,8.39000,8.39000,8.39000,8.39000,0
3071,2011-01-03,8.39000,8.39000,8.39000,8.39000,0
3072,2010-12-31,8.79000,8.79000,7.71000,8.39000,4500
3073,2010-12-30,9.05000,9.05000,8.75000,8.80000,500
3074,2010-12-29,8.47000,8.47000,8.47000,8.47000,100
3075,2010-12-28,8.46000,8.46000,8.46000,8.46000,0
3076,2010-12-27,8.40000,8.46000,8.40000,8.46000,400
3077,2010-12-23,8.30000,9.05000,8.25000,8.63000,3400
3078,2010-12-22,8.56000,8.56000,8.56000,8.56000,0
3079,2010-12-21,8.56000,8.56000,8.56000,8.56000,0
3080,2010-12-20,8.33000,8.56000,8.28000,8.56000,2000
3081,2010-12-17,8.33000,8.33000,8.33000,8.33000,0
3082,2010-12-16,8.30000,8.93000,8.25000,8.33000,4100
3083,2010-12-15,8.37000,8.40000,8.33000,8.40000,400
3084,2010-12-14,8.30000,8.42000,8.25000,8.40000,5000
3085,2010-12-13,8.75000,8.76000,8.41000,8.52000,1200
3086,2010-12-10,8.63000,9.14000,8.63000,8.94000,1900
3087,2010-12-09,8.55000,8.55000,8.55000,8.55000,100
3088,2010-12-08,8.31000,9.04000,8.31000,8.85000,1100
3089,2010-12-07,8.26000,8.44000,8.25000,8.44000,1300
3090,2010-12-06,8.50000,8.69000,8.50000,8.69000,500
3091,2010-12-03,8.27000,9.28000,8.27000,8.93000,4600
3092,2010-12-02,8.65000,8.66000,8.65000,8.65000,1300
3093,2010-12-01,8.55000,8.55000,8.55000,8.55000,0
3094,2010-11-30,8.55000,8.55000,8.55000,8.55000,0
3095,2010-11-29,8.25000,8.55000,8.25000,8.55000,1900
3096,2010-11-26,8.03000,8.39000,7.82000,8.39000,1900
3097,2010-11-24,8.97000,9.00000,8.18000,8.58000,2100
3098,2010-11-23,8.85000,8.85000,8.85000,8.85000,0
3099,2010-11-22,8.97000,8.97000,8.85000,8.85000,600
3100,2010-11-19,8.81000,8.81000,8.81000,8.81000,0
3101,2010-11-18,8.25000,8.96000,8.25000,8.81000,2300
3102,2010-11-17,8.30000,8.30000,8.25000,8.25000,300
3103,2010-11-16,8.25000,8.28000,8.00000,8.05000,4100
3104,2010-11-15,9.40000,9.40000,8.25000,8.40000,7300
3105,2010-11-12,9.20000,9.20000,8.25000,8.85000,4600
3106,2010-11-11,9.25000,9.44000,9.25000,9.44000,800
3107,2010-11-10,9.28000,9.28000,9.28000,9.28000,0
3108,2010-11-09,9.40000,9.40000,9.28000,9.28000,500
3109,2010-11-08,10.00000,10.00000,9.80000,9.80000,5300
3110,2010-11-05,9.98000,9.98000,9.79000,9.79000,600
3111,2010-11-04,9.28000,9.99000,8.80000,9.69000,3600
3112,2010-11-03,9.65000,9.65000,9.65000,9.65000,200
3113,2010-11-02,9.50000,9.50000,9.50000,9.50000,0
3114,2010-11-01,10.00000,10.00000,9.50000,9.50000,1700
3115,2010-10-29,10.00000,10.00000,10.00000,10.00000,500
3116,2010-10-28,10.00000,10.00000,10.00000,10.00000,0
3117,2010-10-27,10.00000,10.00000,10.00000,10.00000,0
3118,2010-10-26,10.00000,10.00000,10.00000,10.00000,100
3119,2010-10-25,10.00000,10.00000,10.00000,10.00000,0
3120,2010-10-22,10.00000,10.00000,10.00000,10.00000,900
3121,2010-10-21,10.25000,10.25000,10.25000,10.25000,500
3122,2010-10-20,10.00000,10.00000,10.00000,10.00000,200
3123,2010-10-19,9.95000,9.95000,9.95000,9.95000,0
3124,2010-10-18,9.95000,9.95000,9.95000,9.95000,100
3125,2010-10-15,10.15000,10.17000,10.15000,10.17000,900
3126,2010-10-14,9.90000,9.90000,9.90000,9.90000,0
3127,2010-10-13,9.78000,10.17000,9.78000,9.90000,500
3128,2010-10-12,10.00000,10.14000,9.78000,10.14000,1300
3129,2010-10-11,10.16000,10.16000,10.16000,10.16000,0
3130,2010-10-08,10.16000,10.16000,10.16000,10.16000,0
3131,2010-10-07,9.83000,10.24000,9.83000,10.16000,900
3132,2010-10-06,10.24000,10.25000,10.24000,10.25000,500
3133,2010-10-05,10.20000,10.25000,9.65000,10.03000,8300
3134,2010-10-04,10.19000,10.19000,10.19000,10.19000,100
3135,2010-10-01,9.97000,10.00000,9.97000,10.00000,1100
3136,2010-09-30,9.99000,10.00000,9.99000,10.00000,900
3137,2010-09-29,9.88000,10.00000,9.51000,9.90000,2400
3138,2010-09-28,9.50000,9.50000,9.50000,9.50000,700
3139,2010-09-27,9.28000,9.65000,9.28000,9.65000,2000
3140,2010-09-24,9.25000,9.29000,9.25000,9.29000,300
3141,2010-09-23,9.60000,9.60000,9.35000,9.35000,600
3142,2010-09-22,9.85000,10.00000,9.85000,10.00000,2400
3143,2010-09-21,9.61000,9.89000,9.61000,9.89000,500
3144,2010-09-20,9.72000,9.72000,9.15000,9.15000,800
3145,2010-09-17,9.18000,9.18000,9.18000,9.18000,0
3146,2010-09-16,9.18000,9.18000,9.18000,9.18000,0
3147,2010-09-15,9.01000,9.35000,9.01000,9.18000,1700
3148,2010-09-14,9.87000,10.00000,9.47000,9.63000,500
3149,2010-09-13,9.95000,9.95000,9.95000,9.95000,0
3150,2010-09-10,9.36000,9.98000,9.30000,9.95000,800
3151,2010-09-09,9.00000,9.00000,9.00000,9.00000,0
3152,2010-09-08,9.00000,9.00000,9.00000,9.00000,600
3153,2010-09-07,8.45000,9.12000,8.45000,8.94000,1700
3154,2010-09-03,8.61000,8.61000,8.61000,8.61000,100
3155,2010-09-02,8.62000,8.62000,8.62000,8.62000,100
3156,2010-09-01,8.40000,8.45000,8.40000,8.45000,1100
3157,2010-08-31,8.98000,8.99000,8.15000,8.15000,1500
3158,2010-08-30,9.33000,9.33000,9.33000,9.33000,0
3159,2010-08-27,9.35000,9.35000,9.33000,9.33000,400
3160,2010-08-26,9.96000,9.96000,9.96000,9.96000,0
3161,2010-08-25,9.96000,9.96000,9.96000,9.96000,100
3162,2010-08-24,9.82000,9.82000,9.82000,9.82000,0
3163,2010-08-23,9.75000,9.82000,9.75000,9.82000,400
3164,2010-08-20,9.64000,9.64000,9.64000,9.64000,0
3165,2010-08-19,10.00000,10.00000,9.61000,9.64000,2100
3166,2010-08-18,9.90000,10.00000,9.90000,10.00000,2100
3167,2010-08-17,9.75000,9.90000,9.75000,9.90000,2600
3168,2010-08-16,10.00000,10.00000,9.84000,9.84000,400
3169,2010-08-13,9.10000,10.00000,9.10000,9.73000,5400
3170,2010-08-12,9.00000,9.00000,9.00000,9.00000,700
3171,2010-08-11,9.19000,9.19000,9.19000,9.19000,0
3172,2010-08-10,9.00000,9.19000,9.00000,9.19000,1700
3173,2010-08-09,9.00000,9.00000,9.00000,9.00000,300
3174,2010-08-06,9.01000,9.01000,9.01000,9.01000,0
3175,2010-08-05,9.01000,9.01000,9.01000,9.01000,0
3176,2010-08-04,9.17000,9.20000,9.01000,9.01000,500
3177,2010-08-03,9.38000,9.48000,8.40000,8.66000,3400
3178,2010-08-02,8.30000,9.02000,8.30000,9.02000,1000
3179,2010-07-30,8.66000,9.05000,8.66000,9.05000,500
3180,2010-07-29,8.45000,9.45000,8.45000,8.65000,5900
3181,2010-07-28,8.88000,8.88000,8.88000,8.88000,0
3182,2010-07-27,8.90000,8.90000,8.88000,8.88000,400
3183,2010-07-26,9.05000,9.05000,8.81000,8.90000,2300
3184,2010-07-23,8.88000,9.17000,8.65000,8.65000,2400
3185,2010-07-22,8.40000,8.75000,8.26000,8.75000,8200
3186,2010-07-21,8.25000,9.13000,8.25000,8.99000,1200
3187,2010-07-20,8.26000,8.88000,8.26000,8.77000,500
3188,2010-07-19,8.19000,8.19000,8.19000,8.19000,2600
3189,2010-07-16,8.60000,8.60000,8.60000,8.60000,0
3190,2010-07-15,8.50000,8.60000,8.16000,8.60000,1100
3191,2010-07-14,9.07000,9.07000,9.07000,9.07000,100
3192,2010-07-13,9.07000,9.07000,9.02000,9.02000,200
3193,2010-07-12,8.75000,8.90000,8.75000,8.90000,500
3194,2010-07-09,9.25000,9.25000,9.23000,9.25000,1000
3195,2010-07-08,8.51000,9.27000,8.51000,9.20000,1500
3196,2010-07-07,8.40000,9.60000,8.40000,9.11000,1600
3197,2010-07-06,8.85000,8.85000,8.40000,8.80000,600
3198,2010-07-02,8.90000,8.90000,8.90000,8.90000,100
3199,2010-07-01,8.41000,8.41000,8.41000,8.41000,100
3200,2010-06-30,8.49000,9.00000,8.28000,9.00000,4400
3201,2010-06-29,8.11000,8.20000,8.01000,8.03000,5000
3202,2010-06-28,7.34000,8.15000,7.34000,8.15000,2200
3203,2010-06-25,8.33000,8.44000,8.20000,8.42000,900
3204,2010-06-24,8.00000,9.00000,7.76000,8.40000,11500
3205,2010-06-23,9.15000,9.15000,9.15000,9.15000,0
3206,2010-06-22,9.38000,9.38000,9.15000,9.15000,900
3207,2010-06-21,9.20000,9.20000,9.20000,9.20000,500
3208,2010-06-18,8.90000,9.24000,8.90000,9.21000,4300
3209,2010-06-17,9.06000,9.06000,9.06000,9.06000,0
3210,2010-06-16,9.00000,9.12000,8.91000,9.06000,6100
3211,2010-06-15,9.30000,9.30000,9.30000,9.30000,0
3212,2010-06-14,9.26000,9.33000,9.26000,9.30000,5800
3213,2010-06-11,9.39000,9.39000,9.39000,9.39000,100
3214,2010-06-10,9.55000,9.55000,9.55000,9.55000,0
3215,2010-06-09,9.55000,9.55000,9.55000,9.55000,0
3216,2010-06-08,9.21000,9.55000,9.21000,9.55000,800
3217,2010-06-07,9.66000,9.66000,9.27000,9.27000,300
3218,2010-06-04,9.85000,9.85000,9.85000,9.85000,0
3219,2010-06-03,9.51000,9.85000,9.51000,9.85000,200
3220,2010-06-02,9.67000,9.89000,9.13000,9.45000,3400
3221,2010-06-01,9.90000,10.25000,9.15000,9.77000,22100
3222,2010-05-28,9.80000,9.80000,9.80000,9.80000,0
3223,2010-05-27,9.80000,9.80000,9.80000,9.80000,0
3224,2010-05-26,10.00000,10.00000,9.63000,9.80000,2500
3225,2010-05-25,9.05000,10.00000,9.05000,9.86000,3200
3226,2010-05-24,9.57000,9.99000,9.50000,9.50000,2300
3227,2010-05-21,9.65000,9.90000,9.45000,9.50000,1800
3228,2010-05-20,9.30000,9.94000,9.25000,9.40000,10600
3229,2010-05-19,9.55000,9.75000,9.22000,9.56000,19200
3230,2010-05-18,9.71000,9.80000,9.05000,9.80000,13400
3231,2010-05-17,10.01000,10.12000,9.12000,10.00000,6800
3232,2010-05-14,8.87000,10.94000,8.87000,10.04000,43500
3233,2010-05-13,8.40000,8.40000,8.40000,8.40000,0
3234,2010-05-12,8.40000,8.40000,8.40000,8.40000,100
3235,2010-05-11,8.79000,8.79000,8.79000,8.79000,100
3236,2010-05-10,8.45000,8.88000,8.45000,8.88000,1400
3237,2010-05-07,8.22000,8.35000,8.22000,8.34000,1600
3238,2010-05-06,8.38000,8.38000,8.18000,8.18000,2700
3239,2010-05-05,8.85000,8.85000,8.37000,8.37000,2800
3240,2010-05-04,8.89000,8.96000,8.66000,8.92000,5500
3241,2010-05-03,8.63000,9.00000,8.56000,8.75000,2200
3242,2010-04-30,8.59000,8.59000,8.40000,8.40000,300
3243,2010-04-29,8.59000,8.59000,8.59000,8.59000,0
3244,2010-04-28,8.22000,8.59000,8.22000,8.59000,600
3245,2010-04-27,8.19000,8.62000,8.18000,8.45000,4900
3246,2010-04-26,8.30000,8.40000,8.21000,8.40000,2500
3247,2010-04-23,8.45000,8.45000,8.27000,8.30000,2500
3248,2010-04-22,8.56000,8.56000,8.43000,8.43000,3200
3249,2010-04-21,8.86000,8.86000,8.51000,8.81000,4800
3250,2010-04-20,8.96000,8.96000,8.96000,8.96000,100
3251,2010-04-19,8.96000,8.96000,8.75000,8.75000,1100
3252,2010-04-16,8.75000,8.96000,8.75000,8.75000,2300
3253,2010-04-15,8.76000,8.90000,8.75000,8.90000,5200
3254,2010-04-14,8.65000,8.67000,8.58000,8.67000,2800
3255,2010-04-13,8.60000,8.67000,8.51000,8.55000,2400
3256,2010-04-12,8.93000,9.05000,8.40000,8.40000,8800
3257,2010-04-09,8.65000,8.83000,8.47000,8.83000,1300
3258,2010-04-08,8.98000,9.00000,8.63000,8.63000,500
3259,2010-04-07,8.64000,8.70000,8.61000,8.70000,600
3260,2010-04-06,8.73000,9.12000,8.53000,8.63000,3100
3261,2010-04-05,8.61000,9.16000,8.59000,8.62000,6700
3262,2010-04-01,8.23000,8.90000,8.23000,8.45000,6700
3263,2010-03-31,8.56000,8.94000,8.11000,8.21000,22000
3264,2010-03-30,10.50000,10.50000,8.53000,8.94000,33800
3265,2010-03-29,10.65000,10.65000,10.27000,10.27000,500
3266,2010-03-26,10.40000,10.40000,10.40000,10.40000,0
3267,2010-03-25,10.10000,10.40000,10.08000,10.40000,800
3268,2010-03-24,10.00000,10.00000,10.00000,10.00000,0
3269,2010-03-23,10.00000,10.00000,10.00000,10.00000,0
3270,2010-03-22,9.70000,10.00000,9.70000,10.00000,1400
3271,2010-03-19,9.58000,11.30000,9.58000,9.58000,6700
3272,2010-03-18,10.97000,10.98000,10.60000,10.60000,600
3273,2010-03-17,10.75000,11.00000,10.75000,11.00000,700
3274,2010-03-16,10.71000,10.71000,10.70000,10.70000,500
3275,2010-03-15,10.78000,10.78000,10.61000,10.70000,800
3276,2010-03-12,10.48000,10.78000,10.40000,10.40000,1600
3277,2010-03-11,10.48000,10.48000,10.45000,10.48000,800
3278,2010-03-10,10.03000,10.20000,10.01000,10.20000,1400
3279,2010-03-09,9.70000,10.03000,9.70000,10.03000,700
3280,2010-03-08,10.09000,10.09000,9.54000,9.73000,1700
3281,2010-03-05,10.05000,10.15000,9.40000,9.77000,3800
3282,2010-03-04,9.82000,10.05000,9.82000,10.05000,800
3283,2010-03-03,9.57000,9.57000,9.57000,9.57000,0
3284,2010-03-02,9.40000,9.60000,9.40000,9.57000,600
3285,2010-03-01,9.50000,9.50000,9.50000,9.50000,0
3286,2010-02-26,9.45000,9.76000,9.45000,9.50000,1200
3287,2010-02-25,9.13000,9.71000,9.13000,9.60000,2400
3288,2010-02-24,9.47000,9.47000,9.47000,9.47000,200
3289,2010-02-23,9.50000,9.56000,9.43000,9.43000,700
3290,2010-02-22,9.61000,9.61000,9.49000,9.49000,300
3291,2010-02-19,9.75000,9.75000,9.56000,9.56000,1100
3292,2010-02-18,9.60000,9.80000,9.55000,9.55000,1200
3293,2010-02-17,9.59000,9.59000,9.59000,9.59000,0
3294,2010-02-16,9.65000,9.66000,9.59000,9.59000,600
3295,2010-02-12,9.72000,9.89000,9.57000,9.65000,2300
3296,2010-02-11,9.28000,9.69000,9.26000,9.49000,3700
3297,2010-02-10,9.23000,9.23000,9.23000,9.23000,0
3298,2010-02-09,9.00000,9.23000,8.86000,9.23000,2200
3299,2010-02-08,9.21000,9.25000,9.21000,9.25000,1300
3300,2010-02-05,9.25000,9.35000,9.25000,9.25000,2200
3301,2010-02-04,9.33000,9.33000,9.32000,9.32000,400
3302,2010-02-03,9.30000,9.30000,9.30000,9.30000,600
3303,2010-02-02,9.30000,9.30000,9.25000,9.30000,2700
3304,2010-02-01,9.32000,9.32000,9.25000,9.25000,2200
3305,2010-01-29,9.40000,9.40000,9.25000,9.32000,3500
3306,2010-01-28,9.25000,9.44000,9.25000,9.41000,1400
3307,2010-01-27,9.35000,9.49000,9.25000,9.28000,7800
3308,2010-01-26,9.54000,9.54000,9.20000,9.35000,900
3309,2010-01-25,9.50000,9.94000,9.45000,9.65000,6200
3310,2010-01-22,9.46000,9.60000,9.30000,9.40000,2300
3311,2010-01-21,9.60000,9.60000,9.28000,9.41000,3600
3312,2010-01-20,9.48000,9.65000,9.00000,9.59000,8400
3313,2010-01-19,9.80000,9.85000,9.25000,9.53000,18700
3314,2010-01-15,10.96000,10.98000,10.29000,10.63000,4600
3315,2010-01-14,10.72000,10.79000,10.55000,10.79000,300
3316,2010-01-13,10.77000,10.90000,10.26000,10.75000,10100
3317,2010-01-12,10.54000,10.91000,10.50000,10.75000,6100
3318,2010-01-11,10.60000,10.65000,10.31000,10.54000,1700
3319,2010-01-08,10.61000,10.68000,9.49000,10.17000,12500
3320,2010-01-07,10.12000,10.68000,9.63000,10.68000,10800
3321,2010-01-06,9.90000,10.24000,9.90000,10.17000,8200
3322,2010-01-05,9.50000,9.85000,9.47000,9.85000,9100
3323,2010-01-04,9.57000,9.57000,9.47000,9.47000,3300
3324,2009-12-31,9.45000,9.45000,9.38000,9.42000,2900
3325,2009-12-30,9.44000,9.48000,9.39000,9.45000,3400
3326,2009-12-29,9.26000,9.48000,9.26000,9.31000,1800
3327,2009-12-28,9.00000,9.35000,8.97000,9.22000,13400
3328,2009-12-24,8.99000,8.99000,8.99000,8.99000,0
3329,2009-12-23,8.89000,8.99000,8.85000,8.99000,1100
3330,2009-12-22,8.78000,8.99000,8.78000,8.99000,1100
3331,2009-12-21,8.67000,8.89000,8.15000,8.75000,2800
3332,2009-12-18,8.36000,9.00000,8.22000,9.00000,4500
3333,2009-12-17,8.33000,8.55000,8.29000,8.35000,11600
3334,2009-12-16,8.65000,8.67000,8.00000,8.55000,8300
3335,2009-12-15,8.80000,9.05000,8.79000,8.81000,1800
3336,2009-12-14,8.75000,9.61000,8.60000,8.60000,4800
3337,2009-12-11,8.78000,8.78000,8.71000,8.71000,800
3338,2009-12-10,8.79000,8.79000,8.79000,8.79000,200
3339,2009-12-09,8.70000,8.70000,8.70000,8.70000,0
3340,2009-12-08,8.70000,8.70000,8.70000,8.70000,0
3341,2009-12-07,8.74000,8.74000,8.70000,8.70000,500
3342,2009-12-04,8.75000,8.85000,8.60000,8.60000,1800
3343,2009-12-03,8.61000,8.61000,8.60000,8.60000,500
3344,2009-12-02,8.59000,8.64000,8.59000,8.60000,5000
3345,2009-12-01,8.69000,8.78000,8.53000,8.60000,1200
3346,2009-11-30,8.93000,8.93000,8.61000,8.69000,1800
3347,2009-11-27,8.93000,9.30000,8.92000,8.92000,1400
3348,2009-11-25,8.80000,8.80000,8.80000,8.80000,0
3349,2009-11-24,8.93000,8.93000,8.76000,8.80000,2400
3350,2009-11-23,8.92000,8.92000,8.90000,8.91000,1200
3351,2009-11-20,8.63000,8.91000,8.52000,8.91000,1800
3352,2009-11-19,8.89000,8.89000,8.31000,8.60000,1800
3353,2009-11-18,9.00000,9.13000,8.76000,9.13000,2200
3354,2009-11-17,9.12000,9.12000,8.76000,9.00000,1800
3355,2009-11-16,9.03000,9.90000,8.75000,9.05000,17600
3356,2009-11-13,8.12000,9.00000,8.10000,8.99000,13900
3357,2009-11-12,8.00000,8.00000,7.75000,7.81000,1400
3358,2009-11-11,8.00000,8.10000,8.00000,8.02000,2400
3359,2009-11-10,7.85000,8.15000,7.85000,7.95000,2500
3360,2009-11-09,7.73000,8.31000,7.61000,7.85000,4700
3361,2009-11-06,7.55000,8.08000,7.40000,7.40000,1200
3362,2009-11-05,7.42000,7.42000,7.40000,7.40000,700
3363,2009-11-04,7.41000,7.47000,7.31000,7.40000,1500
3364,2009-11-03,7.47000,7.47000,7.43000,7.43000,1100
3365,2009-11-02,7.47000,7.47000,7.40000,7.40000,1100
3366,2009-10-30,7.70000,7.85000,7.40000,7.40000,800
3367,2009-10-29,7.52000,7.52000,7.47000,7.47000,7300
3368,2009-10-28,7.75000,7.75000,7.50000,7.50000,5700
3369,2009-10-27,7.89000,7.90000,7.75000,7.75000,700
3370,2009-10-26,7.67000,7.86000,7.55000,7.78000,1600
3371,2009-10-23,7.55000,7.55000,7.55000,7.55000,0
3372,2009-10-22,7.55000,7.74000,7.55000,7.55000,800
3373,2009-10-21,7.90000,7.90000,7.55000,7.56000,2100
3374,2009-10-20,7.71000,7.99000,7.60000,7.60000,2000
3375,2009-10-19,7.69000,7.99000,7.61000,7.70000,16800
3376,2009-10-16,7.85000,7.90000,7.65000,7.69000,8100
3377,2009-10-15,7.79000,7.85000,7.66000,7.70000,5900
3378,2009-10-14,7.80000,7.80000,7.61000,7.65000,2000
3379,2009-10-13,7.70000,7.80000,7.51000,7.61000,2300
3380,2009-10-12,7.74000,7.75000,7.37000,7.70000,3400
3381,2009-10-09,7.56000,7.70000,7.56000,7.65000,600
3382,2009-10-08,7.66000,7.77000,7.65000,7.75000,2300
3383,2009-10-07,7.27000,7.50000,7.27000,7.50000,8400
3384,2009-10-06,7.08000,7.27000,7.08000,7.08000,1200
3385,2009-10-05,7.05000,7.05000,7.05000,7.05000,0
3386,2009-10-02,7.21000,7.21000,7.05000,7.05000,8000
3387,2009-10-01,7.41000,7.41000,7.35000,7.35000,3100
3388,2009-09-30,7.55000,7.55000,7.35000,7.50000,2400
3389,2009-09-29,7.35000,7.55000,7.35000,7.55000,1000
3390,2009-09-28,7.41000,7.42000,7.35000,7.42000,900
3391,2009-09-25,7.75000,7.75000,7.26000,7.41000,2700
3392,2009-09-24,7.61000,7.77000,7.50000,7.50000,6500
3393,2009-09-23,7.43000,7.50000,7.31000,7.48000,2100
3394,2009-09-22,8.10000,8.10000,7.40000,7.43000,4700
3395,2009-09-21,7.35000,7.54000,7.27000,7.54000,1100
3396,2009-09-18,7.50000,7.50000,7.20000,7.20000,8600
3397,2009-09-17,7.97000,7.97000,7.33000,7.50000,10200
3398,2009-09-16,7.51000,7.51000,7.42000,7.42000,1300
3399,2009-09-15,7.50000,7.99000,7.32000,7.67000,1900
3400,2009-09-14,7.50000,7.69000,7.31000,7.50000,3100
3401,2009-09-11,7.06000,7.50000,7.06000,7.50000,2700
3402,2009-09-10,7.10000,7.10000,7.05000,7.05000,300
3403,2009-09-09,7.35000,7.35000,7.16000,7.25000,1500
3404,2009-09-08,7.13000,7.15000,7.10000,7.10000,1000
3405,2009-09-04,7.03000,7.12000,7.00000,7.05000,1400
3406,2009-09-03,7.20000,7.34000,7.02000,7.02000,1300
3407,2009-09-02,6.72000,7.20000,6.72000,7.02000,3400
3408,2009-09-01,7.06000,7.13000,7.06000,7.08000,1100
3409,2009-08-31,7.19000,7.19000,7.05000,7.05000,600
3410,2009-08-28,7.25000,7.25000,7.00000,7.00000,3900
3411,2009-08-27,7.25000,7.25000,7.25000,7.25000,0
3412,2009-08-26,7.13000,7.70000,7.13000,7.25000,2100
3413,2009-08-25,7.42000,7.42000,7.42000,7.42000,0
3414,2009-08-24,7.70000,7.70000,7.42000,7.42000,3200
3415,2009-08-21,7.47000,7.50000,7.31000,7.32000,2700
3416,2009-08-20,7.10000,7.50000,7.06000,7.32000,14400
3417,2009-08-19,7.13000,7.13000,7.00000,7.03000,2400
3418,2009-08-18,7.10000,7.27000,7.10000,7.15000,4200
3419,2009-08-17,8.00000,8.00000,6.27000,7.00000,12100
3420,2009-08-14,9.03000,9.03000,7.48000,7.94000,9600
3421,2009-08-13,7.10000,8.35000,7.10000,8.35000,45000
3422,2009-08-12,6.15000,6.34000,6.15000,6.34000,2200
3423,2009-08-11,6.30000,6.30000,6.15000,6.15000,600
3424,2009-08-10,6.50000,6.50000,6.16000,6.16000,1300
3425,2009-08-07,7.00000,7.15000,6.60000,6.60000,4600
3426,2009-08-06,6.95000,7.00000,6.95000,7.00000,600
3427,2009-08-05,6.72000,7.48000,6.72000,6.88000,7100
3428,2009-08-04,6.39000,6.75000,6.39000,6.62000,5800
3429,2009-08-03,6.06000,6.45000,6.06000,6.45000,2500
3430,2009-07-31,6.05000,6.05000,6.05000,6.05000,0
3431,2009-07-30,6.13000,6.13000,5.90000,6.05000,2300
3432,2009-07-29,6.16000,6.16000,5.90000,5.91000,1300
3433,2009-07-28,6.15000,6.40000,6.15000,6.15000,1300
3434,2009-07-27,6.00000,6.45000,6.00000,6.20000,1900
3435,2009-07-24,6.70000,6.70000,6.70000,6.70000,0
3436,2009-07-23,6.75000,6.75000,6.02000,6.70000,1500
3437,2009-07-22,6.75000,6.75000,6.44000,6.75000,400
3438,2009-07-21,6.82000,6.82000,6.56000,6.56000,300
3439,2009-07-20,6.50000,6.50000,6.50000,6.50000,400
3440,2009-07-17,7.00000,7.00000,6.70000,6.70000,1300
3441,2009-07-16,6.71000,7.06000,6.16000,6.96000,8800
3442,2009-07-15,6.60000,6.60000,6.20000,6.20000,500
3443,2009-07-14,6.51000,7.42000,6.50000,6.87000,1500
3444,2009-07-13,6.52000,6.52000,6.52000,6.52000,0
3445,2009-07-10,6.52000,6.61000,6.52000,6.52000,500
3446,2009-07-09,6.67000,6.70000,6.50000,6.50000,800
3447,2009-07-08,6.70000,6.70000,6.55000,6.70000,1000
3448,2009-07-07,6.24000,6.86000,6.24000,6.70000,2400
3449,2009-07-06,6.05000,6.25000,6.05000,6.05000,500
3450,2009-07-02,6.05000,6.05000,6.05000,6.05000,0
3451,2009-07-01,6.15000,6.20000,6.05000,6.05000,900
3452,2009-06-30,5.88000,6.47000,5.88000,5.95000,3600
3453,2009-06-29,5.55000,5.75000,5.53000,5.63000,1800
3454,2009-06-26,5.50000,5.50000,5.50000,5.50000,0
3455,2009-06-25,5.50000,5.50000,5.50000,5.50000,0
3456,2009-06-24,5.68000,5.68000,5.50000,5.50000,1000
3457,2009-06-23,5.62000,5.62000,5.62000,5.62000,0
3458,2009-06-22,5.50000,5.65000,5.50000,5.62000,900
3459,2009-06-19,6.00000,6.00000,5.70000,5.70000,300
3460,2009-06-18,6.13000,6.33000,5.55000,5.85000,2800
3461,2009-06-17,5.69000,5.69000,5.68000,5.68000,400
3462,2009-06-16,6.00000,6.00000,5.85000,5.99000,4100
3463,2009-06-15,6.69000,6.69000,6.00000,6.25000,1800
3464,2009-06-12,6.70000,6.70000,6.50000,6.50000,2200
3465,2009-06-11,7.00000,7.00000,6.70000,6.70000,800
3466,2009-06-10,6.85000,7.00000,6.60000,6.60000,3400
3467,2009-06-09,6.60000,6.90000,6.60000,6.64000,2900
3468,2009-06-08,6.64000,6.67000,6.50000,6.50000,1100
3469,2009-06-05,6.35000,6.85000,6.30000,6.30000,2100
3470,2009-06-04,5.98000,6.30000,5.98000,6.25000,3100
3471,2009-06-03,5.85000,5.85000,5.75000,5.76000,1200
3472,2009-06-02,6.00000,6.00000,5.80000,5.85000,2100
3473,2009-06-01,6.00000,6.05000,6.00000,6.00000,1600
3474,2009-05-29,6.10000,6.30000,6.10000,6.10000,1400
3475,2009-05-28,6.65000,6.75000,6.12000,6.12000,5800
3476,2009-05-27,6.30000,6.50000,6.23000,6.25000,1000
3477,2009-05-26,6.20000,6.20000,6.20000,6.20000,0
3478,2009-05-22,6.20000,6.25000,6.20000,6.20000,1100
3479,2009-05-21,6.42000,6.42000,6.20000,6.20000,2200
3480,2009-05-20,6.45000,6.45000,6.30000,6.30000,1900
3481,2009-05-19,6.47000,6.60000,6.45000,6.45000,3900
3482,2009-05-18,6.72000,6.74000,6.50000,6.50000,2100
3483,2009-05-15,7.35000,7.54000,6.20000,6.75000,8900
3484,2009-05-14,7.70000,7.70000,7.35000,7.35000,6900
3485,2009-05-13,9.00000,9.00000,7.90000,7.90000,3800
3486,2009-05-12,9.34000,9.35000,9.00000,9.35000,700
3487,2009-05-11,9.79000,10.20000,9.79000,9.80000,1300
3488,2009-05-08,10.00000,10.00000,10.00000,10.00000,0
3489,2009-05-07,10.00000,10.00000,10.00000,10.00000,0
3490,2009-05-06,10.20000,10.20000,10.00000,10.00000,700
3491,2009-05-05,10.80000,10.80000,10.15000,10.15000,600
3492,2009-05-04,10.25000,10.48000,10.10000,10.10000,1100
3493,2009-05-01,10.25000,10.25000,10.15000,10.16000,800
3494,2009-04-30,10.40000,10.84000,10.40000,10.41000,1200
3495,2009-04-29,10.00000,10.50000,10.00000,10.50000,400
3496,2009-04-28,9.39000,10.89000,9.39000,10.24000,2600
3497,2009-04-27,9.27000,9.27000,8.60000,9.15000,1000
3498,2009-04-24,8.55000,8.55000,8.55000,8.55000,200
3499,2009-04-23,8.32000,8.32000,8.32000,8.32000,1500
3500,2009-04-22,8.05000,8.05000,8.05000,8.05000,0
3501,2009-04-21,8.05000,8.05000,8.05000,8.05000,0
3502,2009-04-20,8.05000,8.05000,8.05000,8.05000,0
3503,2009-04-17,8.05000,8.05000,8.05000,8.05000,0
3504,2009-04-16,8.25000,8.25000,8.05000,8.05000,300
3505,2009-04-15,8.32000,8.32000,8.32000,8.32000,0
3506,2009-04-14,8.32000,8.32000,8.32000,8.32000,400
3507,2009-04-13,8.20000,8.20000,8.20000,8.20000,0
3508,2009-04-09,8.20000,8.20000,8.00000,8.20000,800
3509,2009-04-08,8.08000,8.08000,8.08000,8.08000,0
3510,2009-04-07,8.08000,8.08000,8.08000,8.08000,300
3511,2009-04-06,8.00000,8.10000,7.82000,8.10000,700
3512,2009-04-03,8.00000,8.00000,8.00000,8.00000,200
3513,2009-04-02,7.75000,8.00000,7.75000,8.00000,300
3514,2009-04-01,7.80000,7.85000,7.50000,7.50000,1300
3515,2009-03-31,7.79000,8.01000,7.79000,7.90000,3100
3516,2009-03-30,8.25000,8.40000,7.40000,7.95000,3100
3517,2009-03-27,6.60000,8.20000,6.60000,8.20000,6000
3518,2009-03-26,6.45000,6.45000,6.45000,6.45000,0
3519,2009-03-25,6.35000,6.60000,6.35000,6.45000,900
3520,2009-03-24,5.69000,6.10000,5.69000,6.10000,800
3521,2009-03-23,5.55000,5.55000,5.55000,5.55000,200
3522,2009-03-20,5.30000,5.30000,5.30000,5.30000,100
3523,2009-03-19,5.30000,5.30000,5.30000,5.30000,100
3524,2009-03-18,5.30000,5.30000,5.30000,5.30000,200
3525,2009-03-17,5.15000,5.45000,5.15000,5.45000,600
3526,2009-03-16,5.50000,5.50000,5.30000,5.30000,200
3527,2009-03-13,5.30000,5.30000,5.30000,5.30000,300
3528,2009-03-12,5.10000,5.10000,5.10000,5.10000,100
3529,2009-03-11,4.90000,5.10000,4.90000,5.10000,500
3530,2009-03-10,5.10000,5.10000,4.96000,4.96000,300
3531,2009-03-09,4.85000,4.90000,4.85000,4.90000,2100
3532,2009-03-06,4.85000,4.85000,4.85000,4.85000,900
3533,2009-03-05,4.85000,4.87000,4.85000,4.85000,500
3534,2009-03-04,4.95000,4.95000,4.95000,4.95000,0
3535,2009-03-03,4.95000,4.95000,4.95000,4.95000,400
3536,2009-03-02,5.00000,5.10000,4.90000,5.10000,1800
3537,2009-02-27,5.20000,5.20000,5.20000,5.20000,200
3538,2009-02-26,5.10000,5.10000,5.10000,5.10000,0
3539,2009-02-25,4.94000,5.10000,4.94000,5.10000,300
3540,2009-02-24,5.10000,5.10000,5.10000,5.10000,1100
3541,2009-02-23,5.20000,5.20000,5.10000,5.10000,1700
3542,2009-02-20,5.10000,5.10000,5.10000,5.10000,5400
3543,2009-02-19,5.10000,5.10000,5.00000,5.00000,600
3544,2009-02-18,5.00000,5.15000,4.80000,5.15000,2000
3545,2009-02-17,5.71000,5.71000,5.20000,5.20000,2100
3546,2009-02-13,5.27000,5.27000,4.53000,5.25000,4300
3547,2009-02-12,5.26000,5.26000,5.26000,5.26000,0
3548,2009-02-11,5.26000,5.26000,5.26000,5.26000,0
3549,2009-02-10,5.26000,5.26000,5.26000,5.26000,200
3550,2009-02-09,5.20000,5.20000,5.20000,5.20000,0
3551,2009-02-06,5.20000,5.20000,5.20000,5.20000,0
3552,2009-02-05,5.20000,5.35000,5.18000,5.20000,800
3553,2009-02-04,5.32000,5.48000,5.32000,5.40000,2900
3554,2009-02-03,5.79000,5.79000,5.36000,5.50000,3700
3555,2009-02-02,5.75000,5.75000,5.50000,5.60000,600
3556,2009-01-30,5.85000,5.85000,5.85000,5.85000,0
3557,2009-01-29,5.85000,5.85000,5.85000,5.85000,0
3558,2009-01-28,5.85000,5.85000,5.85000,5.85000,0
3559,2009-01-27,5.85000,5.85000,5.85000,5.85000,100
3560,2009-01-26,5.95000,5.95000,5.64000,5.85000,1100
3561,2009-01-23,6.00000,6.00000,6.00000,6.00000,0
3562,2009-01-22,6.00000,6.00000,6.00000,6.00000,0
3563,2009-01-21,6.00000,6.00000,6.00000,6.00000,0
3564,2009-01-20,6.00000,6.00000,6.00000,6.00000,700
3565,2009-01-16,6.10000,6.10000,6.10000,6.10000,0
3566,2009-01-15,6.30000,6.32000,6.10000,6.10000,400
3567,2009-01-14,6.35000,6.35000,6.35000,6.35000,500
3568,2009-01-13,6.20000,6.29000,6.20000,6.29000,200
3569,2009-01-12,6.05000,6.33000,6.00000,6.33000,1000
3570,2009-01-09,6.25000,6.25000,6.25000,6.25000,0
3571,2009-01-08,6.40000,6.50000,6.02000,6.25000,2700
3572,2009-01-07,6.40000,6.40000,6.40000,6.40000,300
3573,2009-01-06,6.00000,6.28000,5.99000,6.00000,2400
3574,2009-01-05,5.75000,5.75000,5.75000,5.75000,0
3575,2009-01-02,5.60000,5.75000,5.55000,5.75000,900
3576,2008-12-31,5.25000,6.95000,5.25000,5.52000,2300
3577,2008-12-30,5.30000,5.30000,5.21000,5.21000,300
3578,2008-12-29,5.24000,5.50000,5.12000,5.50000,2600
3579,2008-12-26,5.26000,5.26000,5.15000,5.22000,500
3580,2008-12-24,5.36000,5.36000,5.36000,5.36000,0
3581,2008-12-23,5.65000,5.65000,5.36000,5.36000,600
3582,2008-12-22,5.80000,5.82000,5.51000,5.51000,2500
3583,2008-12-19,5.59000,5.94000,5.59000,5.80000,800
3584,2008-12-18,5.83000,5.94000,5.80000,5.80000,600
3585,2008-12-17,5.80000,5.80000,5.80000,5.80000,200
3586,2008-12-16,5.80000,5.80000,5.80000,5.80000,0
3587,2008-12-15,5.80000,5.80000,5.80000,5.80000,0
3588,2008-12-12,5.80000,5.80000,5.80000,5.80000,2800
3589,2008-12-11,6.00000,6.00000,5.90000,5.90000,500
3590,2008-12-10,6.25000,6.25000,6.25000,6.25000,0
3591,2008-12-09,6.13000,6.25000,6.13000,6.25000,300
3592,2008-12-08,6.25000,6.50000,6.25000,6.50000,500
3593,2008-12-05,6.35000,6.35000,6.10000,6.10000,300
3594,2008-12-04,6.80000,6.80000,6.45000,6.45000,1100
3595,2008-12-03,7.05000,7.05000,7.05000,7.05000,0
3596,2008-12-02,7.39000,7.39000,6.95000,7.05000,600
3597,2008-12-01,7.00000,7.00000,6.70000,7.00000,600
3598,2008-11-28,6.80000,6.80000,6.80000,6.80000,300
3599,2008-11-26,7.20000,7.34000,7.00000,7.00000,600
3600,2008-11-25,6.90000,6.90000,6.90000,6.90000,0
3601,2008-11-24,6.90000,7.42000,6.90000,6.90000,600
3602,2008-11-21,6.04000,6.55000,6.00000,6.55000,800
3603,2008-11-20,6.05000,6.05000,6.05000,6.05000,0
3604,2008-11-19,6.05000,6.05000,6.05000,6.05000,0
3605,2008-11-18,6.05000,6.05000,6.05000,6.05000,100
3606,2008-11-17,5.80000,5.80000,5.80000,5.80000,600
3607,2008-11-14,5.80000,6.00000,5.80000,6.00000,400
3608,2008-11-13,6.90000,6.90000,5.80000,5.80000,1700
3609,2008-11-12,7.00000,7.00000,7.00000,7.00000,200
3610,2008-11-11,7.00000,7.00000,7.00000,7.00000,400
3611,2008-11-10,7.35000,7.35000,7.10000,7.10000,400
3612,2008-11-07,6.60000,7.33000,6.60000,7.33000,1100
3613,2008-11-06,6.99000,6.99000,6.60000,6.65000,900
3614,2008-11-05,6.80000,6.80000,6.50000,6.50000,900
3615,2008-11-04,6.20000,7.33000,6.20000,6.80000,2500
3616,2008-11-03,6.10000,6.10000,5.88000,6.10000,1400
3617,2008-10-31,5.60000,6.00000,5.20000,6.00000,1900
3618,2008-10-30,5.25000,5.50000,5.25000,5.40000,15900
3619,2008-10-29,6.05000,6.15000,5.25000,5.27000,4600
3620,2008-10-28,5.92000,5.92000,5.92000,5.92000,300
3621,2008-10-27,7.05000,7.05000,5.85000,5.85000,8900
3622,2008-10-24,7.25000,7.25000,7.00000,7.15000,1100
3623,2008-10-23,7.43000,7.45000,7.40000,7.40000,3500
3624,2008-10-22,7.65000,7.65000,7.35000,7.35000,700
3625,2008-10-21,7.75000,7.75000,7.75000,7.75000,0
3626,2008-10-20,7.75000,7.75000,7.75000,7.75000,400
3627,2008-10-17,8.52000,8.52000,7.25000,7.75000,6900
3628,2008-10-16,8.28000,8.99000,7.75000,8.70000,7300
3629,2008-10-15,8.99000,8.99000,8.40000,8.40000,800
3630,2008-10-14,9.00000,9.00000,8.40000,8.50000,800
3631,2008-10-13,8.10000,8.90000,7.15000,8.90000,5500
3632,2008-10-10,7.00000,7.14000,7.00000,7.05000,4800
3633,2008-10-09,7.05000,8.75000,7.05000,7.15000,4600
3634,2008-10-08,7.80000,7.80000,6.53000,7.00000,13900
3635,2008-10-07,8.00000,8.00000,8.00000,8.00000,100
3636,2008-10-06,7.69000,8.00000,7.69000,8.00000,500
3637,2008-10-03,8.12000,8.12000,7.75000,8.05000,900
3638,2008-10-02,7.50000,7.50000,7.50000,7.50000,0
3639,2008-10-01,7.50000,7.50000,7.50000,7.50000,0
3640,2008-09-30,7.40000,8.30000,7.40000,7.50000,2300
3641,2008-09-29,7.80000,7.80000,7.59000,7.59000,300
3642,2008-09-26,8.07000,8.10000,7.80000,7.87000,8900
3643,2008-09-25,8.30000,8.30000,7.99000,8.00000,14300
3644,2008-09-24,7.70000,8.30000,7.70000,8.30000,21400
3645,2008-09-23,8.10000,8.10000,7.75000,7.75000,18100
3646,2008-09-22,8.66000,8.66000,8.10000,8.10000,400
3647,2008-09-19,8.00000,8.70000,8.00000,8.65000,6400
3648,2008-09-18,9.00000,9.00000,7.77000,8.00000,7200
3649,2008-09-17,9.10000,9.10000,8.40000,9.00000,4100
3650,2008-09-16,9.05000,9.05000,9.05000,9.05000,0
3651,2008-09-15,9.60000,9.60000,9.00000,9.05000,800
3652,2008-09-12,9.30000,9.40000,9.00000,9.36000,1300
3653,2008-09-11,9.30000,9.30000,9.30000,9.30000,0
3654,2008-09-10,9.30000,9.30000,9.30000,9.30000,0
3655,2008-09-09,9.26000,9.30000,9.00000,9.30000,10300
3656,2008-09-08,11.16000,11.16000,9.26000,9.26000,7400
3657,2008-09-05,10.65000,10.70000,10.40000,10.40000,700
3658,2008-09-04,10.90000,10.90000,10.35000,10.67000,4700
3659,2008-09-03,11.80000,11.80000,11.00000,11.05000,4200
3660,2008-09-02,12.10000,12.10000,11.75000,11.93000,1600
3661,2008-08-29,12.40000,12.40000,12.20000,12.20000,1100
3662,2008-08-28,12.40000,12.55000,12.40000,12.50000,700
3663,2008-08-27,12.76000,12.76000,12.50000,12.50000,2700
3664,2008-08-26,13.10000,13.10000,12.70000,12.85000,900
3665,2008-08-25,13.65000,13.80000,13.25000,13.25000,1300
3666,2008-08-22,13.80000,13.80000,13.80000,13.80000,0
3667,2008-08-21,13.80000,13.80000,13.80000,13.80000,100
3668,2008-08-20,14.45000,14.45000,13.85000,13.95000,3100
3669,2008-08-19,14.48000,14.48000,14.48000,14.48000,0
3670,2008-08-18,14.00000,14.65000,14.00000,14.48000,800
3671,2008-08-15,15.10000,15.10000,15.10000,15.10000,0
3672,2008-08-14,15.20000,15.60000,14.50000,15.10000,5900
3673,2008-08-13,14.95000,14.95000,14.95000,14.95000,0
3674,2008-08-12,14.95000,14.95000,14.95000,14.95000,0
3675,2008-08-11,14.95000,14.95000,14.95000,14.95000,300
3676,2008-08-08,14.95000,14.95000,14.95000,14.95000,0
3677,2008-08-07,14.91000,14.95000,14.91000,14.95000,1300
3678,2008-08-06,15.30000,15.85000,14.30000,15.05000,4600
3679,2008-08-05,15.17000,15.30000,15.05000,15.05000,7800
3680,2008-08-04,15.25000,15.25000,15.15000,15.15000,200
3681,2008-08-01,15.25000,15.25000,15.25000,15.25000,0
3682,2008-07-31,15.25000,15.25000,15.25000,15.25000,200
3683,2008-07-30,15.28000,15.28000,15.28000,15.28000,300
3684,2008-07-29,15.20000,15.20000,14.83000,15.15000,1000
3685,2008-07-28,15.50000,15.50000,15.35000,15.35000,500
3686,2008-07-25,15.70000,15.70000,15.70000,15.70000,0
3687,2008-07-24,15.95000,15.95000,15.70000,15.70000,700
3688,2008-07-23,15.92000,15.92000,15.92000,15.92000,0
3689,2008-07-22,16.00000,16.00000,15.92000,15.92000,900
3690,2008-07-21,16.53000,16.53000,15.80000,16.30000,2100
3691,2008-07-18,15.50000,15.65000,15.20000,15.65000,900
3692,2008-07-17,15.00000,15.20000,14.91000,15.20000,1000
3693,2008-07-16,14.80000,14.80000,14.80000,14.80000,0
3694,2008-07-15,14.80000,14.80000,14.80000,14.80000,0
3695,2008-07-14,14.80000,14.80000,14.80000,14.80000,0
3696,2008-07-11,14.80000,14.80000,14.80000,14.80000,0
3697,2008-07-10,14.80000,14.80000,14.80000,14.80000,200
3698,2008-07-09,15.15000,15.15000,15.15000,15.15000,200
3699,2008-07-08,14.85000,15.00000,14.85000,15.00000,700
3700,2008-07-07,15.00000,15.00000,15.00000,15.00000,200
3701,2008-07-03,15.20000,15.20000,15.20000,15.20000,100
3702,2008-07-02,14.50000,15.00000,14.50000,15.00000,1100
3703,2008-07-01,14.98000,14.98000,14.98000,14.98000,100
3704,2008-06-30,15.42000,15.42000,14.98000,15.00000,900
3705,2008-06-27,15.84000,15.84000,15.00000,15.00000,1600
3706,2008-06-26,15.60000,15.60000,15.22000,15.40000,1600
3707,2008-06-25,15.80000,15.80000,15.80000,15.80000,0
3708,2008-06-24,15.80000,15.80000,15.80000,15.80000,0
3709,2008-06-23,16.00000,16.00000,15.80000,15.80000,1100
3710,2008-06-20,16.05000,16.35000,16.05000,16.05000,400
3711,2008-06-19,17.00000,17.00000,16.10000,16.15000,3300
3712,2008-06-18,17.20000,17.20000,16.78000,17.18000,1000
3713,2008-06-17,17.25000,17.25000,17.00000,17.03000,1200
3714,2008-06-16,17.05000,17.10000,17.05000,17.10000,300
3715,2008-06-13,16.50000,16.95000,16.50000,16.93000,1000
3716,2008-06-12,16.62000,16.65000,16.60000,16.60000,3300
3717,2008-06-11,17.15000,17.35000,16.73000,16.73000,2200
3718,2008-06-10,17.45000,17.45000,17.05000,17.25000,1600
3719,2008-06-09,17.25000,17.60000,16.65000,17.60000,4900
3720,2008-06-06,17.50000,17.55000,17.25000,17.50000,400
3721,2008-06-05,18.04000,18.04000,17.35000,17.50000,3100
3722,2008-06-04,16.88000,17.48000,16.88000,17.35000,400
3723,2008-06-03,16.46000,17.40000,16.35000,17.25000,9300
3724,2008-06-02,16.05000,16.23000,15.70000,16.20000,5500
3725,2008-05-30,15.60000,15.90000,15.60000,15.89000,700
3726,2008-05-29,15.80000,15.94000,15.50000,15.77000,1300
3727,2008-05-28,16.01000,16.01000,15.85000,16.00000,1300
3728,2008-05-27,15.50000,16.00000,15.50000,16.00000,800
3729,2008-05-23,15.62000,15.90000,15.00000,15.33000,7400
3730,2008-05-22,15.43000,15.45000,14.90000,15.05000,9500
3731,2008-05-21,16.20000,18.00000,15.20000,15.55000,18600
3732,2008-05-20,16.20000,16.20000,15.80000,16.00000,3100
3733,2008-05-19,15.63000,16.50000,15.63000,16.28000,21800
3734,2008-05-16,16.25000,16.25000,15.40000,15.63000,26200
3735,2008-05-15,16.62000,18.72000,16.19000,16.40000,84600
3736,2008-05-14,16.35000,16.45000,16.35000,16.44000,1100
3737,2008-05-13,17.39000,17.39000,16.00000,16.00000,1000
3738,2008-05-12,17.08000,17.08000,15.95000,16.60000,3100
3739,2008-05-09,16.50000,16.50000,15.90000,16.45000,1600
3740,2008-05-08,16.50000,16.50000,16.50000,16.50000,1700
3741,2008-05-07,16.50000,16.50000,16.25000,16.50000,900
3742,2008-05-06,17.15000,17.15000,16.40000,16.50000,7100
3743,2008-05-05,17.01000,17.75000,17.01000,17.36000,2200
3744,2008-05-02,17.02000,17.90000,17.02000,17.50000,3100
3745,2008-05-01,17.70000,18.00000,17.40000,17.53000,400
3746,2008-04-30,18.30000,18.30000,17.50000,17.50000,1400
3747,2008-04-29,18.45000,18.45000,18.45000,18.45000,0
3748,2008-04-28,18.25000,18.70000,18.20000,18.45000,800
3749,2008-04-25,17.90000,18.50000,17.90000,18.35000,1800
3750,2008-04-24,17.60000,17.70000,17.45000,17.70000,800
3751,2008-04-23,17.20000,18.00000,17.20000,17.76000,4900
3752,2008-04-22,17.50000,17.50000,17.25000,17.25000,2000
3753,2008-04-21,17.20000,17.50000,17.20000,17.49000,1300
3754,2008-04-18,17.59000,17.80000,17.25000,17.42000,2500
3755,2008-04-17,20.97000,20.97000,17.55000,17.62000,4000
3756,2008-04-16,18.24000,18.24000,17.50000,17.50000,4500
3757,2008-04-15,18.30000,18.70000,18.30000,18.40000,1900
3758,2008-04-14,18.54000,18.70000,18.20000,18.54000,1700
3759,2008-04-11,18.40000,18.76000,18.40000,18.65000,300
3760,2008-04-10,19.03000,19.05000,18.25000,18.60000,1600
3761,2008-04-09,17.23000,20.59000,17.23000,18.60000,2900
3762,2008-04-08,17.71000,18.25000,17.00000,18.10000,13400
3763,2008-04-07,19.90000,19.90000,18.00000,18.50000,13000
3764,2008-04-04,20.16000,20.16000,18.85000,19.70000,7800
3765,2008-04-03,21.25000,21.75000,20.20000,20.56000,10100
3766,2008-04-02,21.00000,21.20000,20.55000,21.20000,3100
3767,2008-04-01,20.30000,20.56000,20.25000,20.56000,1000
3768,2008-03-31,21.00000,21.00000,20.17000,20.17000,2800
3769,2008-03-28,21.01000,21.25000,21.00000,21.00000,1100
3770,2008-03-27,21.10000,21.65000,20.60000,21.25000,2900
3771,2008-03-26,21.00000,21.00000,20.68000,20.95000,1200
3772,2008-03-25,22.48000,22.48000,20.05000,21.30000,9100
3773,2008-03-24,21.15000,22.00000,21.15000,21.75000,8700
3774,2008-03-20,20.20000,21.00000,20.20000,20.99000,5400
3775,2008-03-19,19.08000,20.50000,18.80000,20.05000,8500
3776,2008-03-18,19.13000,20.00000,19.13000,19.67000,900
3777,2008-03-17,20.10000,20.23000,19.15000,19.42000,5400
3778,2008-03-14,20.11000,20.42000,20.07000,20.42000,800
3779,2008-03-13,20.50000,20.80000,20.00000,20.18000,4600
3780,2008-03-12,20.10000,20.50000,20.00000,20.40000,4300
3781,2008-03-11,19.40000,20.00000,19.10000,19.90000,10700
3782,2008-03-10,19.10000,19.95000,18.95000,19.15000,3800
3783,2008-03-07,19.60000,20.00000,19.40000,19.97000,5500
3784,2008-03-06,20.82000,20.82000,19.50000,19.90000,9700
3785,2008-03-05,20.22000,20.22000,18.94000,19.95000,12800
3786,2008-03-04,19.31000,19.90000,19.20000,19.66000,4500
3787,2008-03-03,19.33000,19.33000,18.75000,19.16000,2200
3788,2008-02-29,19.20000,19.35000,19.20000,19.35000,400
3789,2008-02-28,19.25000,19.40000,19.25000,19.40000,300
3790,2008-02-27,19.50000,20.00000,19.35000,19.51000,9200
3791,2008-02-26,18.85000,19.30000,17.96000,19.15000,7600
3792,2008-02-25,18.75000,19.00000,18.75000,18.85000,1200
3793,2008-02-22,18.85000,19.00000,18.65000,18.98000,3400
3794,2008-02-21,18.70000,19.25000,18.54000,19.00000,9000
3795,2008-02-20,17.50000,18.65000,16.50000,18.45000,4400
3796,2008-02-19,19.82000,19.82000,17.75000,17.94000,5800
3797,2008-02-15,19.60000,19.68000,18.30000,18.30000,7500
3798,2008-02-14,19.87000,19.87000,19.00000,19.66000,9200
3799,2008-02-13,18.49000,19.00000,18.30000,19.00000,10500
3800,2008-02-12,17.10000,18.35000,17.10000,17.85000,5500
3801,2008-02-11,16.46000,17.05000,16.15000,17.05000,3000
3802,2008-02-08,15.75000,16.00000,15.72000,16.00000,2100
3803,2008-02-07,15.90000,15.90000,15.55000,15.70000,1200
3804,2008-02-06,15.70000,15.70000,15.70000,15.70000,500
3805,2008-02-05,15.50000,15.70000,15.30000,15.70000,700
3806,2008-02-04,15.70000,15.70000,14.75000,15.70000,4100
3807,2008-02-01,15.58000,15.85000,15.10000,15.70000,4700
3808,2008-01-31,13.75000,14.70000,13.75000,14.70000,3200
3809,2008-01-30,14.31000,14.39000,14.00000,14.05000,1300
3810,2008-01-29,14.39000,14.39000,14.39000,14.39000,200
3811,2008-01-28,14.33000,14.39000,14.25000,14.39000,1000
3812,2008-01-25,14.50000,14.60000,13.89000,14.12000,5600
3813,2008-01-24,13.67000,14.75000,13.67000,14.35000,5100
3814,2008-01-23,14.80000,14.80000,12.95000,13.75000,8000
3815,2008-01-22,15.70000,15.90000,13.00000,14.65000,2900
3816,2008-01-18,15.59000,16.52000,15.50000,15.95000,2500
3817,2008-01-17,17.23000,17.23000,15.70000,16.05000,1400
3818,2008-01-16,17.20000,17.20000,14.46000,16.50000,10500
3819,2008-01-15,17.25000,17.25000,16.90000,17.00000,3900
3820,2008-01-14,17.45000,17.45000,16.30000,17.25000,13200
3821,2008-01-11,16.30000,17.05000,15.06000,16.85000,7700
3822,2008-01-10,15.55000,16.50000,15.55000,16.35000,6200
3823,2008-01-09,15.95000,15.95000,15.29000,15.48000,900
3824,2008-01-08,15.00000,16.40000,15.00000,15.64000,5000
3825,2008-01-07,14.75000,15.00000,14.32000,15.00000,1300
3826,2008-01-04,14.33000,14.55000,14.19000,14.19000,3700
3827,2008-01-03,15.24000,15.35000,14.55000,14.70000,5600
3828,2008-01-02,14.80000,15.99000,14.40000,14.92000,6400
3829,2007-12-31,14.15000,14.50000,14.10000,14.50000,2700
3830,2007-12-28,14.00000,14.00000,14.00000,14.00000,400
3831,2007-12-27,14.00000,14.00000,14.00000,14.00000,0
3832,2007-12-26,13.70000,14.00000,13.50000,14.00000,1100
3833,2007-12-24,13.20000,14.00000,13.20000,13.45000,3800
3834,2007-12-21,12.25000,13.25000,12.12000,13.25000,4600
3835,2007-12-20,12.40000,12.40000,12.40000,12.40000,100
3836,2007-12-19,12.55000,12.55000,12.30000,12.30000,1200
3837,2007-12-18,12.10000,12.70000,12.10000,12.40000,4600
3838,2007-12-17,12.30000,12.30000,12.00000,12.00000,700
3839,2007-12-14,12.00000,12.50000,12.00000,12.50000,1900
3840,2007-12-13,12.00000,12.00000,12.00000,12.00000,0
3841,2007-12-12,12.00000,12.00000,12.00000,12.00000,0
3842,2007-12-11,12.00000,12.10000,12.00000,12.00000,1900
3843,2007-12-10,11.60000,12.00000,11.40000,12.00000,7100
3844,2007-12-07,11.75000,11.75000,11.75000,11.75000,0
3845,2007-12-06,11.75000,11.75000,11.75000,11.75000,0
3846,2007-12-05,11.80000,12.45000,11.75000,11.75000,3100
3847,2007-12-04,11.85000,11.85000,11.35000,11.63000,6600
3848,2007-12-03,12.37000,12.37000,11.95000,11.95000,3800
3849,2007-11-30,13.05000,13.05000,10.12000,12.40000,2000
3850,2007-11-29,13.05000,13.05000,13.05000,13.05000,200
3851,2007-11-28,12.95000,13.85000,12.95000,13.20000,2400
3852,2007-11-27,12.80000,12.80000,12.80000,12.80000,100
3853,2007-11-26,13.00000,13.20000,12.75000,12.75000,1000
3854,2007-11-23,12.65000,12.80000,12.44000,12.80000,800
3855,2007-11-21,11.50000,12.74000,11.30000,12.74000,6100
3856,2007-11-20,11.80000,11.80000,11.55000,11.75000,900
3857,2007-11-19,13.25000,13.37000,11.41000,12.00000,2500
3858,2007-11-16,13.25000,13.30000,13.00000,13.25000,700
3859,2007-11-15,13.60000,13.60000,12.80000,12.80000,3000
3860,2007-11-14,13.05000,14.90000,12.04000,13.38000,36700
3861,2007-11-13,12.80000,13.15000,12.80000,13.15000,1300
3862,2007-11-12,12.76000,12.92000,12.75000,12.92000,300
3863,2007-11-09,13.35000,13.35000,12.80000,12.85000,3900
3864,2007-11-08,13.50000,13.50000,12.04000,13.50000,700
3865,2007-11-07,13.75000,13.75000,13.75000,13.75000,0
3866,2007-11-06,13.50000,13.75000,13.50000,13.75000,400
3867,2007-11-05,13.50000,13.85000,13.20000,13.20000,2800
3868,2007-11-02,13.50000,13.50000,13.50000,13.50000,500
3869,2007-11-01,13.60000,13.72000,13.00000,13.72000,2000
3870,2007-10-31,14.15000,14.15000,13.52000,13.70000,5600
3871,2007-10-30,14.00000,14.39000,14.00000,14.39000,200
3872,2007-10-29,15.40000,15.40000,13.66000,14.20000,5500
3873,2007-10-26,15.85000,16.00000,15.60000,15.60000,800
3874,2007-10-25,16.00000,16.00000,15.75000,15.75000,1300
3875,2007-10-24,15.50000,15.98000,15.50000,15.98000,4400
3876,2007-10-23,15.25000,15.45000,10.41000,15.45000,16600
3877,2007-10-22,15.00000,15.00000,14.90000,15.00000,600
3878,2007-10-19,14.60000,14.80000,14.40000,14.80000,1700
3879,2007-10-18,14.15000,14.60000,13.85000,14.60000,900
3880,2007-10-17,14.65000,15.45000,13.65000,14.50000,7500
3881,2007-10-16,15.00000,15.25000,14.50000,14.65000,5500
3882,2007-10-15,15.15000,15.30000,15.10000,15.30000,1100
3883,2007-10-12,15.50000,15.60000,15.35000,15.40000,2000
3884,2007-10-11,15.40000,15.72000,15.25000,15.72000,3300
3885,2007-10-10,15.15000,15.45000,15.05000,15.14000,2200
3886,2007-10-09,13.80000,15.56000,13.53000,15.02000,22500
3887,2007-10-08,14.25000,15.00000,13.09000,13.67000,7400
3888,2007-10-05,14.45000,15.00000,14.30000,14.44000,10000
3889,2007-10-04,14.55000,14.73000,14.40000,14.40000,1500
3890,2007-10-03,14.05000,14.30000,14.00000,14.30000,8900
3891,2007-10-02,16.90000,16.90000,14.90000,15.25000,11800
3892,2007-10-01,16.50000,16.80000,16.50000,16.80000,1900
3893,2007-09-28,16.35000,16.72000,16.35000,16.50000,5800
3894,2007-09-27,16.00000,16.45000,16.00000,16.40000,2900
3895,2007-09-26,16.20000,16.50000,16.00000,16.00000,900
3896,2007-09-25,16.35000,16.35000,16.20000,16.35000,500
3897,2007-09-24,16.35000,16.40000,16.35000,16.40000,600
3898,2007-09-21,15.75000,16.50000,15.75000,16.20000,3600
3899,2007-09-20,16.00000,16.25000,15.90000,16.10000,1800
3900,2007-09-19,16.00000,16.25000,15.50000,16.20000,7100
3901,2007-09-18,15.60000,16.25000,15.60000,16.07000,3100
3902,2007-09-17,15.65000,15.85000,15.40000,15.85000,2100
3903,2007-09-14,15.65000,16.00000,14.75000,15.85000,5200
3904,2007-09-13,16.00000,16.00000,15.85000,15.98000,900
3905,2007-09-12,16.50000,16.50000,16.00000,16.25000,3500
3906,2007-09-11,16.15000,16.45000,16.15000,16.45000,1100
3907,2007-09-10,16.65000,16.65000,16.15000,16.30000,1400
3908,2007-09-07,16.40000,16.71000,16.00000,16.65000,4000
3909,2007-09-06,15.11000,17.00000,15.11000,16.50000,17300
3910,2007-09-05,15.25000,15.50000,15.15000,15.20000,900
3911,2007-09-04,15.00000,15.55000,14.80000,15.05000,10700
3912,2007-08-31,13.15000,15.25000,12.60000,14.87000,16000
3913,2007-08-30,13.80000,13.80000,9.55000,13.00000,10100
3914,2007-08-29,14.80000,14.80000,14.20000,14.24000,5500
3915,2007-08-28,15.10000,15.10000,14.74000,14.90000,2600
3916,2007-08-27,15.55000,15.55000,14.50000,15.00000,6800
3917,2007-08-24,15.65000,15.81000,14.65000,15.55000,16400
3918,2007-08-23,16.25000,16.48000,14.25000,15.70000,19400
3919,2007-08-22,12.55000,15.00000,12.55000,14.66000,36200
3920,2007-08-21,11.74000,12.60000,11.74000,12.40000,28500
3921,2007-08-20,11.70000,11.75000,11.70000,11.75000,3200
3922,2007-08-17,11.25000,11.61000,11.20000,11.61000,5100
3923,2007-08-16,11.55000,11.55000,11.10000,11.10000,1100
3924,2007-08-15,11.50000,11.50000,11.50000,11.50000,900
3925,2007-08-14,11.15000,11.70000,11.10000,11.65000,9500
3926,2007-08-13,10.89000,11.05000,10.89000,11.05000,1800
3927,2007-08-10,10.70000,10.70000,10.70000,10.70000,0
3928,2007-08-09,10.70000,10.70000,10.70000,10.70000,0
3929,2007-08-08,10.55000,10.70000,10.55000,10.70000,400
3930,2007-08-07,10.69000,10.69000,10.69000,10.69000,0
3931,2007-08-06,10.69000,10.69000,10.69000,10.69000,0
3932,2007-08-03,10.70000,10.70000,10.65000,10.69000,1900
3933,2007-08-02,10.76000,10.76000,10.76000,10.76000,0
3934,2007-08-01,11.10000,11.10000,10.65000,10.76000,2500
3935,2007-07-31,11.20000,11.20000,11.20000,11.20000,100
3936,2007-07-30,11.40000,11.40000,11.40000,11.40000,100
3937,2007-07-27,11.30000,11.40000,11.30000,11.40000,200
3938,2007-07-26,11.25000,11.40000,11.20000,11.40000,600
3939,2007-07-25,11.60000,11.60000,11.40000,11.50000,500
3940,2007-07-24,11.65000,11.65000,11.65000,11.65000,0
3941,2007-07-23,11.40000,11.65000,11.24000,11.65000,5400
3942,2007-07-20,10.80000,11.35000,10.80000,11.35000,2500
3943,2007-07-19,11.05000,11.05000,10.78000,10.89000,1500
3944,2007-07-18,11.10000,11.10000,11.10000,11.10000,0
3945,2007-07-17,11.20000,11.25000,11.10000,11.10000,5300
3946,2007-07-16,11.25000,11.25000,11.25000,11.25000,0
3947,2007-07-13,11.30000,11.30000,11.25000,11.25000,300
3948,2007-07-12,11.15000,11.15000,11.15000,11.15000,500
3949,2007-07-11,11.05000,11.25000,11.05000,11.25000,1000
3950,2007-07-10,11.25000,11.25000,11.25000,11.25000,0
3951,2007-07-09,10.90000,11.25000,10.90000,11.25000,2000
3952,2007-07-06,10.75000,10.90000,10.75000,10.89000,1300
3953,2007-07-05,10.75000,10.75000,10.60000,10.75000,1100
3954,2007-07-03,10.85000,10.85000,10.70000,10.70000,800
3955,2007-07-02,10.85000,10.85000,10.85000,10.85000,100
3956,2007-06-29,10.80000,10.80000,10.80000,10.80000,0
3957,2007-06-28,10.80000,10.80000,10.80000,10.80000,0
3958,2007-06-27,10.80000,10.90000,10.80000,10.80000,1200
3959,2007-06-26,10.75000,10.90000,10.75000,10.90000,300
3960,2007-06-25,10.70000,10.70000,10.70000,10.70000,0
3961,2007-06-22,10.60000,10.70000,10.60000,10.70000,900
3962,2007-06-21,10.80000,12.00000,10.35000,10.70000,3000
3963,2007-06-20,10.80000,11.50000,10.70000,11.50000,1800
3964,2007-06-19,10.10000,10.80000,10.10000,10.80000,1600
3965,2007-06-18,10.00000,10.02000,10.00000,10.02000,99900
3966,2007-06-15,10.05000,10.05000,10.05000,10.05000,100
3967,2007-06-14,10.05000,10.20000,9.95000,10.05000,1200
3968,2007-06-13,9.50000,10.00000,9.50000,10.00000,1000
3969,2007-06-12,9.40000,9.50000,9.40000,9.50000,600
3970,2007-06-11,8.85000,9.50000,8.85000,9.50000,9800
3971,2007-06-08,9.00000,9.00000,8.60000,8.75000,2500
3972,2007-06-07,9.11000,9.11000,8.97000,8.97000,400
3973,2007-06-06,9.30000,9.30000,9.30000,9.30000,0
3974,2007-06-05,9.30000,9.30000,9.30000,9.30000,0
3975,2007-06-04,9.20000,9.30000,9.20000,9.30000,400
3976,2007-06-01,9.20000,9.20000,9.20000,9.20000,200
3977,2007-05-31,9.10000,9.25000,9.10000,9.20000,1200
3978,2007-05-30,8.75000,9.00000,8.42000,9.00000,3200
3979,2007-05-29,9.10000,9.10000,8.70000,8.80000,2300
3980,2007-05-25,9.15000,9.15000,9.15000,9.15000,0
3981,2007-05-24,9.20000,9.20000,9.15000,9.15000,1000
3982,2007-05-23,9.25000,9.25000,9.25000,9.25000,0
3983,2007-05-22,9.05000,9.25000,9.05000,9.25000,800
3984,2007-05-21,9.05000,9.05000,9.00000,9.05000,500
3985,2007-05-18,9.20000,9.20000,9.00000,9.00000,1300
3986,2007-05-17,9.30000,9.30000,9.30000,9.30000,100
3987,2007-05-16,9.35000,9.35000,9.35000,9.35000,0
3988,2007-05-15,9.30000,9.35000,9.30000,9.35000,1700
3989,2007-05-14,9.25000,9.25000,9.25000,9.25000,0
3990,2007-05-11,9.10000,9.25000,9.10000,9.25000,3400
3991,2007-05-10,9.03000,9.03000,9.03000,9.03000,0
3992,2007-05-09,9.03000,9.03000,9.03000,9.03000,0
3993,2007-05-08,9.03000,9.03000,9.03000,9.03000,0
3994,2007-05-07,8.95000,9.05000,8.95000,9.03000,4500
3995,2007-05-04,9.00000,9.00000,8.55000,8.85000,2600
3996,2007-05-03,8.95000,8.95000,8.95000,8.95000,0
3997,2007-05-02,8.95000,8.95000,8.95000,8.95000,0
3998,2007-05-01,8.49000,8.95000,8.49000,8.95000,3600
3999,2007-04-30,9.19000,9.19000,8.34000,8.35000,2100
4000,2007-04-27,9.19000,9.19000,9.19000,9.19000,0
4001,2007-04-26,9.19000,9.19000,9.19000,9.19000,0
4002,2007-04-25,9.25000,9.25000,9.05000,9.19000,600
4003,2007-04-24,9.30000,9.30000,9.30000,9.30000,0
4004,2007-04-23,9.41000,9.41000,9.30000,9.30000,300
4005,2007-04-20,9.19000,9.44000,9.13000,9.31000,2500
4006,2007-04-19,9.09000,9.40000,9.08000,9.11000,5400
4007,2007-04-18,9.22000,9.34000,9.15000,9.30000,3000
4008,2007-04-17,9.28000,9.41000,9.25000,9.30000,1500
4009,2007-04-16,9.34000,9.43000,9.22000,9.38000,4900
4010,2007-04-13,9.30000,9.30000,9.24000,9.25000,300
4011,2007-04-12,9.43000,9.43000,9.33000,9.36000,2200
4012,2007-04-11,9.17000,9.38000,9.14000,9.38000,5500
4013,2007-04-10,9.32000,9.44000,9.25000,9.25000,4500
4014,2007-04-09,9.49000,9.49000,9.10000,9.22000,3300
4015,2007-04-05,9.34000,9.38000,9.34000,9.38000,300
4016,2007-04-04,9.34000,9.40000,9.34000,9.39000,1400
4017,2007-04-03,9.39000,9.49000,9.35000,9.41000,10100
4018,2007-04-02,9.39000,9.40000,9.21000,9.30000,3600
4019,2007-03-30,9.45000,9.45000,8.94000,9.30000,20100
4020,2007-03-29,9.45000,9.47000,9.38000,9.38000,5200
4021,2007-03-28,9.53000,9.70000,9.50000,9.54000,6000
4022,2007-03-27,9.50000,9.63000,9.47000,9.52000,1200
4023,2007-03-26,9.44000,9.64000,9.44000,9.49000,1100
4024,2007-03-23,9.54000,9.70000,9.38000,9.47000,5500
4025,2007-03-22,9.55000,9.64000,9.45000,9.54000,800
4026,2007-03-21,9.70000,9.79000,9.60000,9.79000,2300
4027,2007-03-20,9.83000,9.95000,9.26000,9.60000,13800
4028,2007-03-19,9.75000,10.00000,9.26000,9.76000,39900
4029,2007-03-16,10.11000,10.19000,9.30000,9.79000,56600
4030,2007-03-15,10.21000,10.34000,10.19000,10.34000,2000
4031,2007-03-14,10.39000,10.39000,9.90000,10.23000,3800
4032,2007-03-13,10.43000,10.46000,10.24000,10.33000,5200
4033,2007-03-12,10.00000,10.45000,10.00000,10.39000,16200
4034,2007-03-09,9.80000,9.99000,9.58000,9.99000,20200
4035,2007-03-08,9.86000,10.07000,9.60000,9.82000,12900
4036,2007-03-07,10.05000,10.05000,9.65000,9.88000,12600
4037,2007-03-06,9.70000,10.05000,9.70000,9.86000,5300
4038,2007-03-05,9.25000,9.60000,9.25000,9.51000,1700
4039,2007-03-02,8.61000,9.30000,8.61000,9.15000,70000
4040,2007-03-01,8.75000,8.75000,8.35000,8.74000,4500
4041,2007-02-28,8.84000,8.85000,8.76000,8.76000,1600
4042,2007-02-27,8.70000,8.80000,8.70000,8.80000,3400
4043,2007-02-26,8.49000,8.74000,8.49000,8.74000,1900
4044,2007-02-23,8.29000,8.50000,8.29000,8.50000,1300
4045,2007-02-22,8.34000,8.34000,8.34000,8.34000,0
4046,2007-02-21,8.24000,8.34000,8.24000,8.34000,300
4047,2007-02-20,8.22000,8.24000,8.20000,8.24000,400
4048,2007-02-16,8.25000,8.25000,8.25000,8.25000,0
4049,2007-02-15,8.25000,8.25000,8.25000,8.25000,100
4050,2007-02-14,8.30000,8.30000,8.30000,8.30000,0
4051,2007-02-13,8.30000,8.30000,8.30000,8.30000,2100
4052,2007-02-12,8.45000,8.45000,8.45000,8.45000,0
4053,2007-02-09,8.45000,8.45000,8.45000,8.45000,0
4054,2007-02-08,8.44000,8.45000,8.44000,8.45000,200
4055,2007-02-07,8.31000,8.31000,8.31000,8.31000,0
4056,2007-02-06,8.31000,8.31000,8.31000,8.31000,1000
4057,2007-02-05,8.31000,8.31000,8.31000,8.31000,0
4058,2007-02-02,8.31000,8.31000,8.31000,8.31000,1000
4059,2007-02-01,8.40000,8.40000,8.40000,8.40000,0
4060,2007-01-31,8.40000,8.40000,8.40000,8.40000,0
4061,2007-01-30,8.40000,8.40000,8.40000,8.40000,0
4062,2007-01-29,8.40000,8.40000,8.40000,8.40000,0
4063,2007-01-26,8.40000,8.40000,8.40000,8.40000,0
4064,2007-01-25,8.40000,8.40000,8.40000,8.40000,0
4065,2007-01-24,8.31000,8.40000,8.31000,8.40000,300
4066,2007-01-23,8.42000,8.50000,8.31000,8.31000,600
4067,2007-01-22,8.51000,8.51000,8.51000,8.51000,0
4068,2007-01-19,8.51000,8.51000,8.51000,8.51000,0
4069,2007-01-18,8.51000,8.51000,8.51000,8.51000,0
4070,2007-01-17,8.51000,8.51000,8.51000,8.51000,0
4071,2007-01-16,8.46000,8.51000,8.31000,8.51000,1000
4072,2007-01-12,8.48000,8.56000,8.48000,8.56000,900
4073,2007-01-11,8.48000,8.55000,8.48000,8.54000,1200
4074,2007-01-10,8.52000,8.52000,8.52000,8.52000,0
4075,2007-01-09,8.45000,8.54000,8.45000,8.52000,1300
4076,2007-01-08,8.40000,8.49000,8.30000,8.35000,800
4077,2007-01-05,8.30000,8.34000,8.30000,8.34000,600
4078,2007-01-04,8.35000,8.35000,8.35000,8.35000,0
4079,2007-01-03,8.30000,8.35000,8.30000,8.35000,2400
4080,2006-12-29,8.35000,8.35000,8.35000,8.35000,0
4081,2006-12-28,8.23000,8.36000,8.23000,8.35000,2600
4082,2006-12-27,8.20000,8.20000,8.20000,8.20000,0
4083,2006-12-26,7.95000,8.20000,7.95000,8.20000,3700
4084,2006-12-22,7.84000,7.84000,7.84000,7.84000,0
4085,2006-12-21,7.84000,7.85000,7.84000,7.84000,1300
4086,2006-12-20,7.76000,7.76000,7.76000,7.76000,100
4087,2006-12-19,7.75000,7.75000,7.75000,7.75000,0
4088,2006-12-18,7.75000,7.75000,7.75000,7.75000,0
4089,2006-12-15,7.60000,7.80000,7.60000,7.75000,6800
4090,2006-12-14,7.75000,7.75000,7.70000,7.70000,2000
4091,2006-12-13,7.85000,7.85000,7.85000,7.85000,0
4092,2006-12-12,7.85000,7.85000,7.85000,7.85000,0
4093,2006-12-11,7.85000,7.85000,7.85000,7.85000,0
4094,2006-12-08,7.85000,7.85000,7.85000,7.85000,0
4095,2006-12-07,7.90000,7.90000,7.85000,7.85000,500
4096,2006-12-06,8.00000,8.00000,8.00000,8.00000,0
4097,2006-12-05,8.00000,8.00000,8.00000,8.00000,0
4098,2006-12-04,8.00000,8.00000,8.00000,8.00000,1200
4099,2006-12-01,8.10000,8.10000,8.10000,8.10000,100
4100,2006-11-30,8.10000,8.10000,8.10000,8.10000,0
4101,2006-11-29,8.10000,8.10000,8.10000,8.10000,0
4102,2006-11-28,8.10000,8.10000,8.10000,8.10000,1000
4103,2006-11-27,8.15000,8.20000,8.15000,8.20000,200
4104,2006-11-24,8.10000,8.10000,8.10000,8.10000,0
4105,2006-11-22,8.50000,8.50000,8.10000,8.10000,1800
4106,2006-11-21,8.60000,8.75000,8.40000,8.40000,2300
4107,2006-11-20,8.50000,8.50000,8.50000,8.50000,0
4108,2006-11-17,8.70000,8.70000,8.50000,8.50000,6700
4109,2006-11-16,8.90000,8.90000,8.75000,8.75000,6100
4110,2006-11-15,9.30000,9.30000,9.00000,9.00000,1800
4111,2006-11-14,9.70000,9.70000,9.40000,9.40000,2100
4112,2006-11-13,9.70000,9.72000,9.70000,9.72000,1000
4113,2006-11-10,9.65000,9.75000,9.50000,9.60000,3000
4114,2006-11-09,9.50000,9.55000,9.50000,9.55000,200
4115,2006-11-08,9.65000,9.65000,9.65000,9.65000,100
4116,2006-11-07,9.45000,9.55000,9.45000,9.55000,2500
4117,2006-11-06,9.20000,9.30000,9.20000,9.30000,600
4118,2006-11-03,9.30000,9.30000,9.30000,9.30000,400
4119,2006-11-02,9.35000,9.40000,9.30000,9.35000,700
4120,2006-11-01,9.45000,9.45000,9.40000,9.40000,400
4121,2006-10-31,9.41000,9.41000,9.41000,9.41000,0
4122,2006-10-30,9.50000,9.50000,9.40000,9.41000,700
4123,2006-10-27,9.60000,9.60000,9.60000,9.60000,0
4124,2006-10-26,9.65000,9.65000,9.55000,9.60000,1700
4125,2006-10-25,9.60000,9.74000,9.60000,9.74000,900
4126,2006-10-24,9.68000,9.90000,9.60000,9.60000,14500
4127,2006-10-23,9.09000,9.60000,9.09000,9.60000,1900
4128,2006-10-20,9.00000,9.00000,8.82000,8.99000,3100
4129,2006-10-19,9.05000,9.10000,9.05000,9.06000,800
4130,2006-10-18,8.52000,9.15000,8.52000,9.15000,3200
4131,2006-10-17,8.85000,8.85000,8.30000,8.50000,6900
4132,2006-10-16,8.10000,8.75000,8.10000,8.70000,9100
4133,2006-10-13,7.14000,8.20000,7.10000,8.20000,14100
4134,2006-10-12,6.44000,7.00000,6.44000,6.95000,7600
4135,2006-10-11,6.30000,6.40000,6.15000,6.40000,4900
4136,2006-10-10,6.25000,6.25000,6.25000,6.25000,0
4137,2006-10-09,6.50000,6.50000,6.25000,6.25000,2300
4138,2006-10-06,6.40000,6.40000,6.40000,6.40000,400
4139,2006-10-05,6.30000,6.30000,6.30000,6.30000,0
4140,2006-10-04,6.15000,6.30000,6.15000,6.30000,1400
4141,2006-10-03,6.15000,6.16000,6.15000,6.16000,300
4142,2006-10-02,6.20000,6.20000,6.15000,6.15000,400
4143,2006-09-29,6.15000,6.15000,6.15000,6.15000,0
4144,2006-09-28,6.15000,6.15000,6.15000,6.15000,0
4145,2006-09-27,6.35000,6.35000,6.05000,6.15000,11600
4146,2006-09-26,6.40000,6.40000,6.40000,6.40000,300
4147,2006-09-25,6.45000,6.45000,6.45000,6.45000,1700
4148,2006-09-22,6.55000,6.55000,6.55000,6.55000,0
4149,2006-09-21,6.55000,6.55000,6.55000,6.55000,400
4150,2006-09-20,6.50000,6.50000,6.50000,6.50000,300
4151,2006-09-19,6.60000,6.60000,6.60000,6.60000,0
4152,2006-09-18,6.55000,6.60000,6.55000,6.60000,200
4153,2006-09-15,6.65000,6.65000,6.40000,6.60000,2200
4154,2006-09-14,6.55000,6.55000,6.55000,6.55000,0
4155,2006-09-13,6.55000,6.60000,6.50000,6.55000,1400
4156,2006-09-12,6.63000,6.63000,6.63000,6.63000,0
4157,2006-09-11,6.70000,6.70000,6.58000,6.63000,2000
4158,2006-09-08,6.80000,6.80000,6.80000,6.80000,0
4159,2006-09-07,6.80000,6.80000,6.80000,6.80000,0
4160,2006-09-06,6.75000,6.80000,6.70000,6.80000,6100
4161,2006-09-05,6.77000,6.77000,6.77000,6.77000,0
4162,2006-09-01,6.77000,6.77000,6.77000,6.77000,0
4163,2006-08-31,6.77000,6.77000,6.77000,6.77000,0
4164,2006-08-30,6.77000,6.77000,6.77000,6.77000,0
4165,2006-08-29,6.77000,6.77000,6.77000,6.77000,0
4166,2006-08-28,6.77000,6.80000,6.72000,6.77000,2200
4167,2006-08-25,6.80000,6.80000,6.80000,6.80000,0
4168,2006-08-24,6.70000,6.82000,6.65000,6.80000,5000
4169,2006-08-23,6.55000,6.60000,6.55000,6.58000,2200
4170,2006-08-22,6.60000,6.60000,6.60000,6.60000,0
4171,2006-08-21,6.55000,6.65000,6.50000,6.60000,7900
4172,2006-08-18,6.57000,6.60000,6.50000,6.60000,2800
4173,2006-08-17,6.55000,6.60000,6.44000,6.60000,8800
4174,2006-08-16,6.66000,6.66000,6.51000,6.51000,1000
4175,2006-08-15,6.70000,6.72000,6.70000,6.70000,1500
4176,2006-08-14,6.75000,6.75000,6.75000,6.75000,1000
4177,2006-08-11,6.80000,6.80000,6.80000,6.80000,200
4178,2006-08-10,6.85000,6.85000,6.80000,6.80000,600
4179,2006-08-09,6.90000,6.90000,6.90000,6.90000,0
4180,2006-08-08,6.90000,6.90000,6.90000,6.90000,0
4181,2006-08-07,6.90000,6.90000,6.90000,6.90000,0
4182,2006-08-04,6.85000,6.90000,6.80000,6.90000,800
4183,2006-08-03,6.80000,6.80000,6.70000,6.80000,1500
4184,2006-08-02,7.10000,7.10000,6.55000,6.83000,15500
4185,2006-08-01,7.11000,7.11000,7.11000,7.11000,0
4186,2006-07-31,7.11000,7.11000,7.11000,7.11000,0
4187,2006-07-28,7.11000,7.11000,7.11000,7.11000,100
4188,2006-07-27,7.20000,7.20000,7.20000,7.20000,0
4189,2006-07-26,7.16000,7.20000,7.10000,7.20000,3200
4190,2006-07-25,7.10000,7.10000,7.10000,7.10000,0
4191,2006-07-24,6.96000,7.10000,6.96000,7.10000,1600
4192,2006-07-21,7.00000,7.00000,6.95000,6.95000,600
4193,2006-07-20,7.05000,7.10000,7.05000,7.10000,1200
4194,2006-07-19,6.85000,6.95000,6.80000,6.95000,700
4195,2006-07-18,6.75000,6.75000,6.75000,6.75000,200
4196,2006-07-17,6.70000,6.70000,6.70000,6.70000,0
4197,2006-07-14,6.70000,6.70000,6.70000,6.70000,300
4198,2006-07-13,6.65000,6.65000,6.60000,6.61000,1600
4199,2006-07-12,6.53000,6.65000,6.52000,6.65000,2500
4200,2006-07-11,6.20000,6.60000,6.20000,6.60000,2100
4201,2006-07-10,6.20000,6.30000,6.20000,6.30000,3300
4202,2006-07-07,6.20000,6.35000,6.20000,6.30000,2200
4203,2006-07-06,6.20000,6.20000,6.20000,6.20000,500
4204,2006-07-05,6.25000,6.25000,6.10000,6.11000,4200
4205,2006-07-03,6.25000,6.30000,6.25000,6.30000,1200
4206,2006-06-30,6.15000,6.35000,6.15000,6.35000,2700
4207,2006-06-29,6.05000,6.05000,6.05000,6.05000,200
4208,2006-06-28,6.00000,6.00000,6.00000,6.00000,0
4209,2006-06-27,6.00000,6.00000,6.00000,6.00000,200
4210,2006-06-26,6.00000,6.08000,5.99000,5.99000,1700
4211,2006-06-23,5.95000,5.98000,5.95000,5.95000,1200
4212,2006-06-22,6.00000,6.00000,6.00000,6.00000,2000
4213,2006-06-21,5.95000,5.95000,5.95000,5.95000,300
4214,2006-06-20,6.05000,6.05000,6.00000,6.00000,1100
4215,2006-06-19,6.10000,6.10000,6.10000,6.10000,300
4216,2006-06-16,6.05000,6.05000,6.05000,6.05000,200
4217,2006-06-15,6.00000,6.05000,5.98000,6.00000,3300
4218,2006-06-14,5.90000,5.95000,5.90000,5.95000,2200
4219,2006-06-13,5.95000,5.95000,5.95000,5.95000,1600
4220,2006-06-12,5.95000,6.00000,5.95000,6.00000,700
4221,2006-06-09,5.98000,5.98000,5.98000,5.98000,0
4222,2006-06-08,5.98000,5.98000,5.98000,5.98000,800
4223,2006-06-07,5.98000,5.98000,5.98000,5.98000,0
4224,2006-06-06,5.95000,5.98000,5.95000,5.98000,1300
4225,2006-06-05,5.95000,5.95000,5.95000,5.95000,700
4226,2006-06-02,5.92000,6.00000,5.92000,6.00000,6500
4227,2006-06-01,5.95000,5.95000,5.80000,5.80000,2200
4228,2006-05-31,6.00000,6.00000,5.86000,5.86000,1100
4229,2006-05-30,5.95000,5.95000,5.95000,5.95000,900
4230,2006-05-26,6.00000,6.00000,6.00000,6.00000,200
4231,2006-05-25,6.00000,6.00000,5.90000,5.90000,900
4232,2006-05-24,6.00000,6.00000,6.00000,6.00000,1000
4233,2006-05-23,5.95000,6.05000,5.95000,5.95000,1300
4234,2006-05-22,5.85000,5.85000,5.85000,5.85000,0
4235,2006-05-19,5.85000,5.85000,5.85000,5.85000,100
4236,2006-05-18,5.90000,5.90000,5.85000,5.85000,1500
4237,2006-05-17,6.00000,6.00000,5.90000,5.98000,1800
4238,2006-05-16,6.30000,6.30000,6.00000,6.02000,6100
4239,2006-05-15,6.80000,6.80000,6.31000,6.35000,1900
4240,2006-05-12,6.85000,6.85000,6.80000,6.80000,600
4241,2006-05-11,7.22000,7.27000,6.90000,6.90000,3400
4242,2006-05-10,7.40000,7.40000,7.32000,7.40000,1000
4243,2006-05-09,7.40000,7.40000,7.40000,7.40000,500
4244,2006-05-08,7.50000,7.60000,7.50000,7.55000,2100
4245,2006-05-05,7.50000,7.50000,7.50000,7.50000,900
4246,2006-05-04,7.62000,7.65000,7.42000,7.42000,2000
4247,2006-05-03,7.95000,7.95000,7.55000,7.65000,6400
4248,2006-05-02,8.15000,8.15000,8.05000,8.05000,2100
4249,2006-05-01,8.25000,8.45000,8.19000,8.19000,3300
4250,2006-04-28,8.85000,8.85000,8.30000,8.30000,9400
4251,2006-04-27,8.21000,8.93000,8.10000,8.90000,33400
4252,2006-04-26,8.10000,8.10000,8.05000,8.10000,5800
4253,2006-04-25,8.05000,8.05000,8.05000,8.05000,700
4254,2006-04-24,8.10000,8.10000,8.06000,8.06000,1200
4255,2006-04-21,8.40000,8.44000,8.00000,8.10000,4600
4256,2006-04-20,8.70000,8.75000,8.20000,8.49000,6800
4257,2006-04-19,8.90000,8.90000,8.75000,8.75000,3600
4258,2006-04-18,9.20000,9.20000,9.00000,9.00000,400
4259,2006-04-17,9.00000,9.15000,9.00000,9.15000,3200
4260,2006-04-13,9.05000,9.05000,8.90000,8.90000,1300
4261,2006-04-12,9.08000,9.08000,9.08000,9.08000,0
4262,2006-04-11,9.00000,9.08000,9.00000,9.08000,1400
4263,2006-04-10,9.15000,9.25000,8.95000,9.05000,3000
4264,2006-04-07,9.02000,9.23000,9.02000,9.10000,2600
4265,2006-04-06,8.90000,8.97000,8.90000,8.97000,400
4266,2006-04-05,8.75000,8.98000,8.75000,8.98000,2800
4267,2006-04-04,8.64000,8.72000,8.64000,8.72000,900
4268,2006-04-03,8.45000,8.75000,8.05000,8.62000,12800
4269,2006-03-31,9.12000,10.30000,8.00000,8.40000,66800
4270,2006-03-30,9.11000,9.15000,9.09000,9.09000,1300
4271,2006-03-29,8.80000,9.15000,8.80000,9.10000,9100
4272,2006-03-28,8.68000,8.70000,8.30000,8.70000,7600
4273,2006-03-27,8.85000,8.85000,8.70000,8.78000,3800
4274,2006-03-24,8.85000,9.00000,8.82000,8.90000,5600
4275,2006-03-23,8.95000,9.00000,8.95000,9.00000,2400
4276,2006-03-22,8.95000,9.00000,8.95000,9.00000,900
4277,2006-03-21,8.80000,9.00000,8.73000,8.95000,1200
4278,2006-03-20,8.83000,8.88000,8.73000,8.73000,5200
4279,2006-03-17,8.58000,8.78000,8.55000,8.78000,3700
4280,2006-03-16,7.70000,8.70000,7.70000,8.60000,10000
4281,2006-03-15,7.65000,7.75000,7.65000,7.75000,6700
4282,2006-03-14,7.25000,7.65000,7.25000,7.65000,7800
4283,2006-03-13,7.20000,7.20000,7.20000,7.20000,0
4284,2006-03-10,7.20000,7.20000,7.20000,7.20000,0
4285,2006-03-09,7.18000,7.20000,7.15000,7.20000,1200
4286,2006-03-08,7.15000,7.20000,7.09000,7.20000,1700
4287,2006-03-07,7.25000,7.32000,7.15000,7.15000,12300
4288,2006-03-06,6.85000,7.25000,6.85000,7.25000,2600
4289,2006-03-03,6.70000,6.75000,6.70000,6.75000,1500
4290,2006-03-02,6.85000,6.85000,6.85000,6.85000,0
4291,2006-03-01,6.80000,6.85000,6.71000,6.85000,1500
4292,2006-02-28,7.05000,7.05000,6.90000,6.90000,1300
4293,2006-02-27,7.10000,7.15000,7.10000,7.15000,200
4294,2006-02-24,7.20000,7.20000,7.20000,7.20000,0
4295,2006-02-23,7.20000,7.20000,7.20000,7.20000,0
4296,2006-02-22,7.35000,7.35000,7.20000,7.20000,2700
4297,2006-02-21,7.25000,7.25000,7.25000,7.25000,400
4298,2006-02-17,7.25000,7.25000,7.20000,7.20000,800
4299,2006-02-16,7.08000,7.35000,7.08000,7.30000,1600
4300,2006-02-15,7.15000,7.15000,7.15000,7.15000,0
4301,2006-02-14,7.15000,7.15000,7.15000,7.15000,0
4302,2006-02-13,7.15000,7.15000,7.15000,7.15000,0
4303,2006-02-10,6.96000,7.15000,6.96000,7.15000,1700
4304,2006-02-09,6.95000,7.00000,6.90000,6.91000,900
4305,2006-02-08,6.90000,6.90000,6.90000,6.90000,500
4306,2006-02-07,6.80000,6.80000,6.75000,6.80000,1400
4307,2006-02-06,6.90000,6.90000,6.90000,6.90000,800
4308,2006-02-03,7.00000,7.10000,7.00000,7.10000,200
4309,2006-02-02,7.05000,7.05000,6.95000,6.95000,1400
4310,2006-02-01,6.70000,7.15000,6.70000,7.15000,4600
4311,2006-01-31,6.80000,6.80000,6.65000,6.65000,1100
4312,2006-01-30,6.79000,6.84000,6.65000,6.70000,3100
4313,2006-01-27,7.00000,7.04000,6.80000,6.80000,2500
4314,2006-01-26,6.69000,7.25000,6.69000,7.00000,7600
4315,2006-01-25,6.35000,6.59000,6.35000,6.59000,3700
4316,2006-01-24,6.40000,6.40000,6.30000,6.30000,600
4317,2006-01-23,5.80000,6.60000,5.80000,6.35000,9400
4318,2006-01-20,5.55000,5.85000,5.55000,5.85000,3500
4319,2006-01-19,5.65000,5.75000,5.55000,5.75000,4200
4320,2006-01-18,4.90000,5.75000,4.90000,5.65000,11900
4321,2006-01-17,4.80000,4.90000,4.80000,4.90000,700
4322,2006-01-13,4.75000,4.75000,4.75000,4.75000,0
4323,2006-01-12,4.75000,4.75000,4.75000,4.75000,500
4324,2006-01-11,4.70000,4.70000,4.70000,4.70000,0
4325,2006-01-10,4.70000,4.70000,4.70000,4.70000,1300
4326,2006-01-09,4.70000,4.70000,4.70000,4.70000,0
4327,2006-01-06,4.70000,4.70000,4.70000,4.70000,700
4328,2006-01-05,4.71000,4.71000,4.70000,4.70000,7100
4329,2006-01-04,4.70000,4.70000,4.70000,4.70000,2000
4330,2006-01-03,4.70000,4.70000,4.70000,4.70000,0
4331,2005-12-30,4.70000,4.70000,4.70000,4.70000,0
4332,2005-12-29,4.70000,4.70000,4.70000,4.70000,100
4333,2005-12-28,4.74000,4.75000,4.74000,4.75000,1900
4334,2005-12-27,4.74000,4.74000,4.74000,4.74000,0
4335,2005-12-23,4.74000,4.74000,4.74000,4.74000,500
4336,2005-12-22,4.64000,4.64000,4.64000,4.64000,0
4337,2005-12-21,4.64000,4.64000,4.64000,4.64000,200
4338,2005-12-20,4.61000,4.61000,4.61000,4.61000,200
4339,2005-12-19,4.58000,4.58000,4.58000,4.58000,100
4340,2005-12-16,4.42000,4.55000,4.30000,4.55000,6600
4341,2005-12-15,4.50000,4.50000,4.50000,4.50000,0
4342,2005-12-14,4.50000,4.50000,4.50000,4.50000,0
4343,2005-12-13,4.50000,4.50000,4.50000,4.50000,0
4344,2005-12-12,4.50000,4.50000,4.50000,4.50000,2200
4345,2005-12-09,4.45000,4.45000,4.45000,4.45000,400
4346,2005-12-08,4.50000,4.50000,4.50000,4.50000,0
4347,2005-12-07,4.53000,4.53000,4.50000,4.50000,200
4348,2005-12-06,4.50000,4.50000,4.50000,4.50000,2800
4349,2005-12-05,4.50000,4.50000,4.50000,4.50000,0
4350,2005-12-02,4.50000,4.50000,4.50000,4.50000,1100
4351,2005-12-01,4.50000,4.50000,4.50000,4.50000,0
4352,2005-11-30,4.50000,4.50000,4.50000,4.50000,0
4353,2005-11-29,4.50000,4.50000,4.50000,4.50000,0
4354,2005-11-28,4.40000,4.55000,4.40000,4.50000,2800
4355,2005-11-25,4.30000,4.30000,4.30000,4.30000,200
4356,2005-11-23,4.30000,4.30000,4.30000,4.30000,1000
4357,2005-11-22,4.20000,4.20000,4.20000,4.20000,200
4358,2005-11-21,4.23000,4.23000,4.15000,4.15000,1400
4359,2005-11-18,4.15000,4.40000,4.15000,4.40000,2700
4360,2005-11-17,4.02000,4.10000,4.02000,4.10000,500
4361,2005-11-16,4.05000,4.05000,4.05000,4.05000,0
4362,2005-11-15,4.20000,4.20000,4.05000,4.05000,3000
4363,2005-11-14,4.10000,4.10000,4.10000,4.10000,0
4364,2005-11-11,4.10000,4.10000,4.10000,4.10000,0
4365,2005-11-10,4.10000,4.10000,4.10000,4.10000,0
4366,2005-11-09,4.10000,4.10000,4.10000,4.10000,0
4367,2005-11-08,4.10000,4.10000,4.10000,4.10000,0
4368,2005-11-07,4.10000,4.10000,4.10000,4.10000,0
4369,2005-11-04,4.10000,4.10000,4.10000,4.10000,0
4370,2005-11-03,4.10000,4.10000,4.10000,4.10000,200
4371,2005-11-02,4.10000,4.10000,4.05000,4.05000,500
4372,2005-11-01,4.15000,4.15000,4.15000,4.15000,0
4373,2005-10-31,4.10000,4.15000,4.10000,4.15000,300
4374,2005-10-28,4.05000,4.05000,4.05000,4.05000,0
4375,2005-10-27,4.05000,4.05000,4.05000,4.05000,0
4376,2005-10-26,4.05000,4.05000,4.05000,4.05000,0
4377,2005-10-25,4.05000,4.05000,4.05000,4.05000,0
4378,2005-10-24,4.05000,4.05000,4.05000,4.05000,0
4379,2005-10-21,4.05000,4.05000,4.05000,4.05000,0
4380,2005-10-20,4.05000,4.05000,4.05000,4.05000,200
4381,2005-10-19,3.97000,3.97000,3.97000,3.97000,100
4382,2005-10-18,3.97000,3.97000,3.97000,3.97000,300
4383,2005-10-17,3.97000,3.97000,3.97000,3.97000,0
4384,2005-10-14,3.97000,3.97000,3.97000,3.97000,500
4385,2005-10-13,3.98000,3.98000,3.97000,3.97000,200
4386,2005-10-12,4.00000,4.00000,4.00000,4.00000,0
4387,2005-10-11,4.00000,4.00000,4.00000,4.00000,0
4388,2005-10-10,4.00000,4.00000,4.00000,4.00000,0
4389,2005-10-07,3.90000,4.00000,3.85000,4.00000,3000
4390,2005-10-06,3.92000,4.01000,3.91000,4.01000,2500
4391,2005-10-05,4.01000,4.01000,4.01000,4.01000,2500
4392,2005-10-04,4.10000,4.10000,4.10000,4.10000,1800
4393,2005-10-03,4.06000,4.10000,4.06000,4.10000,1100
4394,2005-09-30,4.10000,4.10000,4.10000,4.10000,0
4395,2005-09-29,4.10000,4.10000,4.10000,4.10000,800
4396,2005-09-28,4.15000,4.15000,4.15000,4.15000,700
4397,2005-09-27,4.25000,4.30000,4.20000,4.25000,1900
4398,2005-09-26,4.30000,4.30000,4.30000,4.30000,0
4399,2005-09-23,4.30000,4.30000,4.30000,4.30000,0
4400,2005-09-22,4.30000,4.30000,4.30000,4.30000,0
4401,2005-09-21,4.30000,4.30000,4.30000,4.30000,0
4402,2005-09-20,4.30000,4.30000,4.30000,4.30000,100
4403,2005-09-19,4.35000,4.35000,4.20000,4.25000,3700
4404,2005-09-16,4.45000,4.45000,4.45000,4.45000,700
4405,2005-09-15,4.45000,4.45000,4.45000,4.45000,0
4406,2005-09-14,4.45000,4.45000,4.45000,4.45000,200
4407,2005-09-13,4.45000,4.45000,4.45000,4.45000,0
4408,2005-09-12,4.45000,4.45000,4.45000,4.45000,0
4409,2005-09-09,4.45000,4.45000,4.45000,4.45000,100
4410,2005-09-08,4.45000,4.55000,4.45000,4.55000,1100
4411,2005-09-07,4.55000,4.55000,4.55000,4.55000,0
4412,2005-09-06,4.55000,4.55000,4.55000,4.55000,600
4413,2005-09-02,4.55000,4.55000,4.45000,4.45000,200
4414,2005-09-01,4.55000,4.55000,4.55000,4.55000,0
4415,2005-08-31,4.55000,4.55000,4.55000,4.55000,0
4416,2005-08-30,4.55000,4.55000,4.55000,4.55000,200
4417,2005-08-29,4.60000,4.60000,4.60000,4.60000,100
4418,2005-08-26,4.54000,4.54000,4.54000,4.54000,0
4419,2005-08-25,4.54000,4.54000,4.54000,4.54000,0
4420,2005-08-24,4.54000,4.54000,4.54000,4.54000,0
4421,2005-08-23,4.54000,4.54000,4.54000,4.54000,0
4422,2005-08-22,4.54000,4.54000,4.54000,4.54000,0
4423,2005-08-19,4.54000,4.54000,4.54000,4.54000,700
4424,2005-08-18,4.64000,4.64000,4.64000,4.64000,0
4425,2005-08-17,4.64000,4.64000,4.64000,4.64000,0
4426,2005-08-16,4.64000,4.64000,4.64000,4.64000,0
4427,2005-08-15,4.64000,4.64000,4.64000,4.64000,1000
4428,2005-08-12,4.64000,4.64000,4.64000,4.64000,200
4429,2005-08-11,4.75000,4.75000,4.75000,4.75000,100
4430,2005-08-10,4.75000,4.75000,4.75000,4.75000,0
4431,2005-08-09,4.75000,4.75000,4.75000,4.75000,200
4432,2005-08-08,4.85000,4.85000,4.85000,4.85000,300
4433,2005-08-05,4.95000,4.95000,4.72000,4.72000,5300
4434,2005-08-04,5.05000,5.05000,5.00000,5.00000,800
4435,2005-08-03,4.96000,5.00000,4.95000,5.00000,2300
4436,2005-08-02,4.85000,4.95000,4.84000,4.95000,2700
4437,2005-08-01,4.52000,4.75000,4.52000,4.75000,3500
4438,2005-07-29,4.60000,4.60000,4.60000,4.60000,0
4439,2005-07-28,4.60000,4.60000,4.60000,4.60000,0
4440,2005-07-27,4.60000,4.60000,4.60000,4.60000,0
4441,2005-07-26,4.60000,4.60000,4.60000,4.60000,0
4442,2005-07-25,4.60000,4.60000,4.60000,4.60000,0
4443,2005-07-22,4.60000,4.60000,4.60000,4.60000,0
4444,2005-07-21,4.60000,4.60000,4.60000,4.60000,0
4445,2005-07-20,4.60000,4.60000,4.60000,4.60000,0
4446,2005-07-19,4.60000,4.60000,4.60000,4.60000,0
4447,2005-07-18,4.60000,4.60000,4.60000,4.60000,0
4448,2005-07-15,4.60000,4.60000,4.60000,4.60000,0
4449,2005-07-14,4.55000,4.65000,4.55000,4.60000,900
4450,2005-07-13,4.65000,4.65000,4.65000,4.65000,0
4451,2005-07-12,4.65000,4.65000,4.65000,4.65000,0
4452,2005-07-11,4.80000,4.80000,4.65000,4.65000,1700
4453,2005-07-08,4.92000,4.92000,4.92000,4.92000,0
4454,2005-07-07,4.92000,4.92000,4.92000,4.92000,0
4455,2005-07-06,4.92000,4.92000,4.92000,4.92000,600
4456,2005-07-05,4.95000,4.95000,4.85000,4.90000,300
4457,2005-07-01,4.90000,4.90000,4.90000,4.90000,0
4458,2005-06-30,4.90000,4.90000,4.90000,4.90000,0
4459,2005-06-29,4.90000,4.90000,4.90000,4.90000,0
4460,2005-06-28,4.90000,4.90000,4.90000,4.90000,0
4461,2005-06-27,4.90000,4.90000,4.90000,4.90000,0
4462,2005-06-24,4.90000,4.90000,4.90000,4.90000,0
4463,2005-06-23,4.90000,4.90000,4.90000,4.90000,100
4464,2005-06-22,4.80000,4.80000,4.80000,4.80000,0
4465,2005-06-21,4.80000,4.80000,4.80000,4.80000,0
4466,2005-06-20,4.80000,4.80000,4.80000,4.80000,0
4467,2005-06-17,4.80000,4.80000,4.80000,4.80000,1300
4468,2005-06-16,4.65000,4.70000,4.61000,4.70000,2000
4469,2005-06-15,4.65000,4.65000,4.65000,4.65000,1100
4470,2005-06-14,4.55000,4.55000,4.55000,4.55000,0
4471,2005-06-13,4.55000,4.55000,4.55000,4.55000,0
4472,2005-06-10,4.55000,4.55000,4.55000,4.55000,900
4473,2005-06-09,4.55000,4.55000,4.55000,4.55000,0
4474,2005-06-08,4.55000,4.55000,4.55000,4.55000,0
4475,2005-06-07,4.55000,4.55000,4.55000,4.55000,100
4476,2005-06-06,4.65000,4.65000,4.65000,4.65000,1000
4477,2005-06-03,4.65000,4.65000,4.65000,4.65000,0
4478,2005-06-02,4.70000,4.70000,4.65000,4.65000,1200
4479,2005-06-01,4.75000,4.75000,4.75000,4.75000,0
4480,2005-05-31,4.75000,4.75000,4.75000,4.75000,0
4481,2005-05-27,4.75000,4.75000,4.75000,4.75000,0
4482,2005-05-26,4.75000,4.75000,4.75000,4.75000,0
4483,2005-05-25,4.75000,4.75000,4.75000,4.75000,0
4484,2005-05-24,4.55000,5.00000,4.55000,4.75000,12000
4485,2005-05-23,4.45000,4.45000,4.45000,4.45000,0
4486,2005-05-20,4.45000,4.45000,4.45000,4.45000,600
4487,2005-05-19,4.50000,4.50000,4.50000,4.50000,0
4488,2005-05-18,4.50000,4.50000,4.50000,4.50000,0
4489,2005-05-17,4.50000,4.50000,4.50000,4.50000,500
4490,2005-05-16,4.43000,4.50000,4.43000,4.50000,2000
4491,2005-05-13,4.48000,4.48000,4.48000,4.48000,100
4492,2005-05-12,4.40000,4.40000,4.40000,4.40000,0
4493,2005-05-11,4.40000,4.40000,4.40000,4.40000,0
4494,2005-05-10,4.40000,4.40000,4.40000,4.40000,200
4495,2005-05-09,4.45000,4.45000,4.45000,4.45000,0
4496,2005-05-06,4.45000,4.45000,4.45000,4.45000,0
4497,2005-05-05,4.45000,4.45000,4.45000,4.45000,0
4498,2005-05-04,4.45000,4.45000,4.45000,4.45000,0
4499,2005-05-03,4.45000,4.45000,4.45000,4.45000,0
4500,2005-05-02,4.30000,4.45000,4.30000,4.45000,2800
4501,2005-04-29,4.21000,4.30000,4.21000,4.30000,700
4502,2005-04-28,4.16000,4.16000,4.16000,4.16000,200
4503,2005-04-27,4.15000,4.20000,4.15000,4.20000,400
4504,2005-04-26,4.30000,4.30000,4.10000,4.10000,2600
4505,2005-04-25,4.35000,4.35000,4.35000,4.35000,0
4506,2005-04-22,4.35000,4.35000,4.35000,4.35000,0
4507,2005-04-21,4.35000,4.35000,4.35000,4.35000,0
4508,2005-04-20,4.35000,4.35000,4.35000,4.35000,0
4509,2005-04-19,4.45000,4.45000,4.35000,4.35000,1500
4510,2005-04-18,4.50000,4.55000,4.50000,4.50000,1000
4511,2005-04-15,4.50000,4.50000,4.50000,4.50000,200
4512,2005-04-14,4.50000,4.50000,4.50000,4.50000,0
4513,2005-04-13,4.50000,4.50000,4.50000,4.50000,0
4514,2005-04-12,4.50000,4.50000,4.50000,4.50000,1000
4515,2005-04-11,4.50000,4.50000,4.50000,4.50000,100
4516,2005-04-08,4.55000,4.55000,4.55000,4.55000,0
4517,2005-04-07,4.55000,4.55000,4.50000,4.55000,1000
4518,2005-04-06,4.60000,4.60000,4.60000,4.60000,0
4519,2005-04-05,4.60000,4.60000,4.60000,4.60000,0
4520,2005-04-04,4.65000,4.70000,4.60000,4.60000,2300
4521,2005-04-01,4.60000,4.68000,4.41000,4.60000,3200
4522,2005-03-31,4.45000,4.45000,4.45000,4.45000,0
4523,2005-03-30,4.45000,4.45000,4.45000,4.45000,200
4524,2005-03-29,4.41000,4.41000,4.41000,4.41000,0
4525,2005-03-28,4.41000,4.41000,4.41000,4.41000,0
4526,2005-03-24,4.41000,4.41000,4.41000,4.41000,100
4527,2005-03-23,4.45000,4.45000,4.45000,4.45000,2000
4528,2005-03-22,4.50000,4.50000,4.50000,4.50000,0
4529,2005-03-21,4.58000,4.58000,4.50000,4.50000,4600
4530,2005-03-18,4.62000,4.62000,4.62000,4.62000,0
4531,2005-03-17,4.62000,4.62000,4.62000,4.62000,0
4532,2005-03-16,4.62000,4.62000,4.62000,4.62000,0
4533,2005-03-15,4.62000,4.62000,4.62000,4.62000,0
4534,2005-03-14,4.58000,4.62000,4.58000,4.62000,200
4535,2005-03-11,4.62000,4.62000,4.62000,4.62000,0
4536,2005-03-10,4.75000,4.75000,4.62000,4.62000,9000
4537,2005-03-09,4.71000,4.71000,4.71000,4.71000,200
4538,2005-03-08,4.71000,4.71000,4.71000,4.71000,0
4539,2005-03-07,4.71000,4.71000,4.71000,4.71000,0
4540,2005-03-04,4.80000,4.80000,4.71000,4.71000,3900
4541,2005-03-03,4.85000,4.85000,4.85000,4.85000,0
4542,2005-03-02,4.85000,4.85000,4.85000,4.85000,300
4543,2005-03-01,4.90000,4.90000,4.90000,4.90000,0
4544,2005-02-28,4.90000,4.90000,4.90000,4.90000,0
4545,2005-02-25,4.90000,4.90000,4.90000,4.90000,500
4546,2005-02-24,4.95000,4.95000,4.95000,4.95000,0
4547,2005-02-23,4.95000,4.95000,4.95000,4.95000,1400
4548,2005-02-22,4.95000,4.95000,4.85000,4.85000,1000
4549,2005-02-18,4.85000,5.00000,4.85000,5.00000,1000
4550,2005-02-17,4.80000,4.80000,4.80000,4.80000,0
4551,2005-02-16,4.80000,4.80000,4.80000,4.80000,0
4552,2005-02-15,4.80000,4.80000,4.80000,4.80000,0
4553,2005-02-14,4.80000,4.80000,4.80000,4.80000,100
4554,2005-02-11,4.80000,4.80000,4.80000,4.80000,200
4555,2005-02-10,4.75000,4.80000,4.75000,4.80000,500
4556,2005-02-09,4.80000,4.80000,4.80000,4.80000,0
4557,2005-02-08,4.80000,4.80000,4.80000,4.80000,0
4558,2005-02-07,4.90000,4.90000,4.80000,4.80000,2100
4559,2005-02-04,4.95000,4.95000,4.95000,4.95000,0
4560,2005-02-03,4.90000,4.95000,4.90000,4.95000,200
4561,2005-02-02,4.95000,4.95000,4.95000,4.95000,100
4562,2005-02-01,5.00000,5.00000,5.00000,5.00000,0
4563,2005-01-31,4.90000,5.00000,4.90000,5.00000,300
4564,2005-01-28,4.95000,4.95000,4.95000,4.95000,0
4565,2005-01-27,4.95000,4.95000,4.95000,4.95000,0
4566,2005-01-26,4.95000,4.95000,4.95000,4.95000,0
4567,2005-01-25,4.95000,4.95000,4.95000,4.95000,0
4568,2005-01-24,4.95000,4.95000,4.95000,4.95000,0
4569,2005-01-21,4.85000,4.95000,4.85000,4.95000,4500
4570,2005-01-20,4.75000,4.75000,4.75000,4.75000,0
4571,2005-01-19,4.75000,4.75000,4.75000,4.75000,500
4572,2005-01-18,4.75000,4.75000,4.75000,4.75000,0
4573,2005-01-14,4.75000,4.75000,4.75000,4.75000,0
4574,2005-01-13,4.75000,4.75000,4.75000,4.75000,0
4575,2005-01-12,4.75000,4.75000,4.75000,4.75000,1000
4576,2005-01-11,4.85000,4.85000,4.85000,4.85000,400
4577,2005-01-10,4.75000,4.75000,4.75000,4.75000,0
4578,2005-01-07,4.75000,4.75000,4.75000,4.75000,100
4579,2005-01-06,4.80000,4.80000,4.80000,4.80000,0
4580,2005-01-05,4.80000,4.80000,4.80000,4.80000,0
4581,2005-01-04,4.80000,4.80000,4.80000,4.80000,0
4582,2005-01-03,4.90000,4.90000,4.80000,4.80000,300
4583,2004-12-31,4.90000,4.95000,4.85000,4.85000,1500
4584,2004-12-30,4.80000,4.80000,4.80000,4.80000,0
4585,2004-12-29,4.80000,4.80000,4.80000,4.80000,0
4586,2004-12-28,4.80000,4.80000,4.80000,4.80000,0
4587,2004-12-27,4.75000,4.80000,4.75000,4.80000,1800
4588,2004-12-23,4.98000,4.98000,4.80000,4.80000,600
4589,2004-12-22,4.99000,4.99000,4.85000,4.85000,2000
4590,2004-12-21,4.74000,4.93000,4.74000,4.93000,5200
4591,2004-12-20,4.48000,4.65000,4.45000,4.55000,2700
4592,2004-12-17,4.27000,4.37000,4.15000,4.37000,2300
4593,2004-12-16,4.35000,4.45000,4.34000,4.34000,4100
4594,2004-12-15,4.50000,4.50000,4.45000,4.45000,400
4595,2004-12-14,4.45000,4.45000,4.45000,4.45000,1500
4596,2004-12-13,4.40000,4.50000,4.38000,4.50000,2000
4597,2004-12-10,4.25000,4.28000,4.25000,4.28000,200
4598,2004-12-09,4.20000,4.22000,4.20000,4.22000,500
4599,2004-12-08,4.10000,4.12000,4.10000,4.12000,200
4600,2004-12-07,4.10000,4.10000,4.10000,4.10000,100
4601,2004-12-06,4.10000,4.10000,4.10000,4.10000,0
4602,2004-12-03,4.10000,4.10000,4.10000,4.10000,0
4603,2004-12-02,4.15000,4.15000,4.10000,4.10000,1000
4604,2004-12-01,4.25000,4.25000,4.25000,4.25000,0
4605,2004-11-30,4.25000,4.25000,4.25000,4.25000,0
4606,2004-11-29,4.25000,4.25000,4.25000,4.25000,0
4607,2004-11-26,4.25000,4.25000,4.25000,4.25000,0
4608,2004-11-24,4.25000,4.25000,4.25000,4.25000,0
4609,2004-11-23,4.25000,4.25000,4.25000,4.25000,0
4610,2004-11-22,4.15000,4.25000,4.15000,4.25000,900
4611,2004-11-19,4.30000,4.30000,4.25000,4.25000,800
4612,2004-11-18,4.50000,4.50000,4.40000,4.40000,700
4613,2004-11-17,4.50000,4.50000,4.50000,4.50000,2700
4614,2004-11-16,4.45000,4.50000,4.45000,4.50000,6600
4615,2004-11-15,4.40000,4.40000,4.32000,4.32000,800
4616,2004-11-12,4.25000,4.30000,4.25000,4.30000,500
4617,2004-11-11,4.25000,4.25000,4.25000,4.25000,0
4618,2004-11-10,4.20000,4.35000,4.20000,4.25000,1800
4619,2004-11-09,4.15000,4.15000,4.15000,4.15000,0
4620,2004-11-08,4.15000,4.15000,4.15000,4.15000,400
4621,2004-11-05,4.25000,4.25000,4.05000,4.05000,3800
4622,2004-11-04,4.15000,4.25000,4.15000,4.25000,700
4623,2004-11-03,4.25000,4.25000,4.25000,4.25000,400
4624,2004-11-02,4.20000,4.20000,4.20000,4.20000,200
4625,2004-11-01,4.23000,4.24000,4.23000,4.24000,700
4626,2004-10-29,4.14000,4.14000,4.14000,4.14000,200
4627,2004-10-28,4.24000,4.24000,4.24000,4.24000,0
4628,2004-10-27,4.24000,4.24000,4.24000,4.24000,0
4629,2004-10-26,4.24000,4.24000,4.24000,4.24000,300
4630,2004-10-25,4.18000,4.24000,4.18000,4.24000,200
4631,2004-10-22,4.23000,4.23000,4.23000,4.23000,100
4632,2004-10-21,4.18000,4.18000,4.18000,4.18000,100
4633,2004-10-20,4.05000,4.13000,4.05000,4.13000,1000
4634,2004-10-19,4.05000,4.05000,4.05000,4.05000,100
4635,2004-10-18,4.15000,4.15000,4.15000,4.15000,100
4636,2004-10-15,4.15000,4.15000,4.15000,4.15000,200
4637,2004-10-14,4.20000,4.20000,4.20000,4.20000,0
4638,2004-10-13,4.20000,4.20000,4.20000,4.20000,0
4639,2004-10-12,4.20000,4.20000,4.20000,4.20000,200
4640,2004-10-11,4.13000,4.13000,4.13000,4.13000,300
4641,2004-10-08,4.13000,4.18000,4.13000,4.18000,1500
4642,2004-10-07,4.00000,4.00000,4.00000,4.00000,0
4643,2004-10-06,4.00000,4.00000,4.00000,4.00000,100
4644,2004-10-05,4.09000,4.10000,4.09000,4.10000,1000
4645,2004-10-04,3.79000,4.00000,3.79000,4.00000,1300
4646,2004-10-01,3.70000,3.72000,3.70000,3.72000,2500
4647,2004-09-30,3.60000,3.70000,3.60000,3.70000,1300
4648,2004-09-29,3.50000,3.50000,3.50000,3.50000,0
4649,2004-09-28,3.50000,3.50000,3.50000,3.50000,0
4650,2004-09-27,3.60000,3.60000,3.50000,3.50000,2800
4651,2004-09-24,3.70000,3.70000,3.70000,3.70000,0
4652,2004-09-23,3.70000,3.70000,3.70000,3.70000,0
4653,2004-09-22,3.70000,3.70000,3.70000,3.70000,0
4654,2004-09-21,3.70000,3.70000,3.70000,3.70000,1100
4655,2004-09-20,3.80000,3.80000,3.80000,3.80000,3000
4656,2004-09-17,4.14000,4.14000,4.14000,4.14000,0
4657,2004-09-16,4.14000,4.14000,4.14000,4.14000,0
4658,2004-09-15,4.05000,4.15000,4.05000,4.14000,1000
4659,2004-09-14,3.95000,3.95000,3.95000,3.95000,0
4660,2004-09-13,4.00000,4.05000,3.95000,3.95000,900
4661,2004-09-10,3.60000,3.90000,3.60000,3.90000,1200
4662,2004-09-09,3.90000,3.90000,3.50000,3.70000,10000
4663,2004-09-08,4.02000,4.02000,4.00000,4.00000,1000
4664,2004-09-07,4.10000,4.10000,4.10000,4.10000,0
4665,2004-09-03,4.10000,4.10000,4.10000,4.10000,0
4666,2004-09-02,4.10000,4.10000,4.10000,4.10000,300
4667,2004-09-01,4.16000,4.16000,4.16000,4.16000,0
4668,2004-08-31,4.16000,4.16000,4.16000,4.16000,0
4669,2004-08-30,4.16000,4.16000,4.16000,4.16000,0
4670,2004-08-27,4.16000,4.16000,4.16000,4.16000,0
4671,2004-08-26,4.16000,4.16000,4.16000,4.16000,0
4672,2004-08-25,4.19000,4.19000,4.16000,4.16000,500
4673,2004-08-24,4.25000,4.25000,4.25000,4.25000,0
4674,2004-08-23,4.25000,4.25000,4.25000,4.25000,1100
4675,2004-08-20,4.35000,4.35000,4.30000,4.30000,700
4676,2004-08-19,4.45000,4.45000,4.45000,4.45000,500
4677,2004-08-18,4.55000,4.55000,4.55000,4.55000,700
4678,2004-08-17,4.25000,4.45000,4.25000,4.45000,1700
4679,2004-08-16,4.55000,4.55000,4.30000,4.32000,2500
4680,2004-08-13,4.65000,4.65000,4.65000,4.65000,0
4681,2004-08-12,4.90000,4.90000,4.65000,4.65000,1900
4682,2004-08-11,5.10000,5.10000,5.00000,5.00000,300
4683,2004-08-10,5.15000,5.15000,5.15000,5.15000,0
4684,2004-08-09,5.10000,5.15000,5.05000,5.15000,4400
4685,2004-08-06,5.70000,5.70000,5.20000,5.30000,5600
4686,2004-08-05,5.86000,5.89000,5.81000,5.89000,2700
4687,2004-08-04,5.80000,5.85000,5.65000,5.65000,2100
4688,2004-08-03,5.60000,5.76000,5.55000,5.70000,1500
4689,2004-08-02,5.90000,5.90000,5.55000,5.65000,3900
4690,2004-07-30,5.30000,5.80000,5.30000,5.70000,7700
4691,2004-07-29,4.75000,5.20000,4.75000,5.20000,17200
4692,2004-07-28,4.70000,4.70000,4.70000,4.70000,200
4693,2004-07-27,4.39000,4.75000,4.39000,4.71000,2000
4694,2004-07-26,4.50000,4.50000,4.40000,4.40000,700
4695,2004-07-23,4.55000,4.55000,4.55000,4.55000,0
4696,2004-07-22,4.55000,4.55000,4.55000,4.55000,0
4697,2004-07-21,4.55000,4.55000,4.55000,4.55000,0
4698,2004-07-20,4.54000,4.55000,4.54000,4.55000,700
4699,2004-07-19,4.56000,4.56000,4.56000,4.56000,200
4700,2004-07-16,4.56000,4.56000,4.56000,4.56000,0
4701,2004-07-15,4.56000,4.56000,4.56000,4.56000,100
4702,2004-07-14,4.64000,4.64000,4.64000,4.64000,500
4703,2004-07-13,4.54000,4.54000,4.54000,4.54000,0
4704,2004-07-12,4.54000,4.55000,4.54000,4.54000,700
4705,2004-07-09,4.45000,4.45000,4.45000,4.45000,0
4706,2004-07-08,4.36000,4.45000,4.36000,4.45000,800
4707,2004-07-07,4.50000,4.50000,4.46000,4.46000,1900
4708,2004-07-06,4.36000,4.45000,4.36000,4.45000,300
4709,2004-07-02,4.36000,4.36000,4.36000,4.36000,0
4710,2004-07-01,4.30000,4.36000,4.30000,4.36000,900
4711,2004-06-30,4.10000,4.25000,4.10000,4.25000,800
4712,2004-06-29,4.03000,4.04000,4.00000,4.04000,1400
4713,2004-06-28,4.04000,4.04000,4.04000,4.04000,100
4714,2004-06-25,4.01000,4.01000,4.01000,4.01000,0
4715,2004-06-24,4.01000,4.01000,4.01000,4.01000,100
4716,2004-06-23,4.04000,4.04000,4.03000,4.03000,600
4717,2004-06-22,4.03000,4.03000,4.03000,4.03000,900
4718,2004-06-21,4.01000,4.02000,4.01000,4.02000,800
4719,2004-06-18,4.16000,4.16000,4.11000,4.11000,2100
4720,2004-06-17,4.15000,4.15000,4.15000,4.15000,0
4721,2004-06-16,4.15000,4.15000,4.15000,4.15000,0
4722,2004-06-15,4.15000,4.15000,4.15000,4.15000,200
4723,2004-06-14,4.06000,4.06000,4.06000,4.06000,100
4724,2004-06-10,4.12000,4.12000,4.12000,4.12000,0
4725,2004-06-09,4.12000,4.12000,4.12000,4.12000,0
4726,2004-06-08,4.11000,4.12000,4.11000,4.12000,200
4727,2004-06-07,4.10000,4.10000,4.01000,4.01000,200
4728,2004-06-04,4.10000,4.10000,4.10000,4.10000,0
4729,2004-06-03,4.10000,4.10000,4.10000,4.10000,0
4730,2004-06-02,3.95000,4.10000,3.95000,4.10000,1000
4731,2004-06-01,3.90000,3.90000,3.90000,3.90000,200
4732,2004-05-28,3.85000,3.85000,3.85000,3.85000,0
4733,2004-05-27,3.90000,3.90000,3.85000,3.85000,1500
4734,2004-05-26,3.82000,3.91000,3.82000,3.91000,2500
4735,2004-05-25,4.00000,4.00000,4.00000,4.00000,0
4736,2004-05-24,4.00000,4.00000,4.00000,4.00000,0
4737,2004-05-21,4.00000,4.00000,4.00000,4.00000,0
4738,2004-05-20,3.92000,4.00000,3.92000,4.00000,900
4739,2004-05-19,4.11000,4.11000,4.11000,4.11000,200
4740,2004-05-18,3.98000,4.02000,3.98000,4.02000,700
4741,2004-05-17,4.13000,4.13000,4.02000,4.02000,2600
4742,2004-05-14,4.30000,4.30000,4.20000,4.20000,900
4743,2004-05-13,4.40000,4.40000,4.40000,4.40000,0
4744,2004-05-12,4.40000,4.40000,4.40000,4.40000,200
